 Covariant Matrix for [0,0] 
     2040.94      2.40149     -5.00836            0            0       1248.5     -1390.06      5.37839     -6.07381  5.29695e-06    -0.188543     -8.83477 -6.73172e-08  7.68882e-09   -0.0248933  5.84048e-05 
     2.40149      34.3611     -14.8363            0            0      0.61414      5.43127  -0.00118322    0.0171951  8.24769e-08  -0.00396969   0.00252085 -8.36531e-11 -2.09745e-11 -3.95707e-06  3.49021e-09 
    -5.00836     -14.8363       42.873            0            0   -0.0433385     -17.4557   0.00343201   -0.0502222 -8.67716e-08   0.00406195   0.00281756  1.23927e-10  1.62531e-11  1.91079e-05 -3.90511e-08 
           0            0            0            0            0            0            0            0            0            0            0            0            0            0            0            0 
           0            0            0            0            0            0            0            0            0            0            0            0            0            0            0            0 
      1248.5      0.61414   -0.0433385            0            0      1876.49     -1351.49      5.18113     -5.01552   4.9267e-06    -0.188661     -8.77324 -6.68046e-08  7.63308e-09   -0.0246845  5.79251e-05 
    -1390.06      5.43127     -17.4557            0            0     -1351.49      2860.07     -4.44479      1.17557 -4.86855e-06     0.178903      8.45444  6.43297e-08 -7.36592e-09    0.0237992 -5.58484e-05 
     5.37839  -0.00118322   0.00343201            0            0      5.18113     -4.44479      4.19126     -1.37798  1.95377e-08  -0.00164094   -0.0411974 -3.57818e-10  3.50914e-11 -0.000115985  2.65057e-07 
    -6.07381    0.0171951   -0.0502222            0            0     -5.01552      1.17557     -1.37798      9.01909 -2.06137e-08   0.00165686    0.0425633  3.67836e-10 -3.63243e-11  0.000119859 -2.74168e-07 
 5.29695e-06  8.24769e-08 -8.67716e-08            0            0   4.9267e-06 -4.86855e-06  1.95377e-08 -2.06137e-08  5.02987e-11  1.42911e-09 -2.06922e-08 -1.50781e-16  2.04872e-17 -5.91628e-11  1.43598e-13 
   -0.188543  -0.00396969   0.00406195            0            0    -0.188661     0.178903  -0.00164094   0.00165686  1.42911e-09    0.0048283   0.00119421  3.28659e-11  6.17096e-12   3.3487e-06 -7.94024e-09 
    -8.83477   0.00252085   0.00281756            0            0     -8.77324      8.45444   -0.0411974    0.0425633 -2.06922e-08   0.00119421    0.0721425  5.42365e-10 -6.50085e-11  0.000203496   -4.578e-07 
-6.73172e-08 -8.36531e-11  1.23927e-10            0            0 -6.68046e-08  6.43297e-08 -3.57818e-10  3.67836e-10 -1.50781e-16  3.28659e-11  5.42365e-10  1.20003e-14 -9.21092e-19  1.53487e-12 -3.44244e-15 
 7.68882e-09 -2.09745e-11  1.62531e-11            0            0  7.63308e-09 -7.36592e-09  3.50914e-11 -3.63243e-11  2.04872e-17  6.17096e-12 -6.50085e-11 -9.21092e-19  3.93106e-16 -1.83791e-13  4.11244e-16 
  -0.0248933 -3.95707e-06  1.91079e-05            0            0   -0.0246845    0.0237992 -0.000115985  0.000119859 -5.91628e-11   3.3487e-06  0.000203496  1.53487e-12 -1.83791e-13  5.84591e-07 -1.28557e-09 
 5.84048e-05  3.49021e-09 -3.90511e-08            0            0  5.79251e-05 -5.58484e-05  2.65057e-07 -2.74168e-07  1.43598e-13 -7.94024e-09   -4.578e-07 -3.44244e-15  4.11244e-16 -1.28557e-09  2.94211e-12 

 Covariant Matrix for [0,1] 
      1228.7      20.2243     -21.9106            0            0      532.869     -719.308  6.29565e-06    -0.364113     -3.39176     0.124153     0.627556  8.75713e-05  1.27357e-08    0.0022922 -1.05261e-07 
     20.2243      21.3288     -11.7359            0            0      16.2588     -12.3215  2.03898e-07   0.00833488    -0.111122  -0.00473831    0.0190831   1.8911e-06  8.60056e-10  6.43898e-05 -2.39762e-09 
    -21.9106     -11.7359      36.6719            0            0     -15.5846     0.276347  -1.9242e-07   -0.0312898      0.11372   0.00474425   -0.0195155 -1.93849e-06 -8.74087e-10 -6.58672e-05  2.44978e-09 
           0            0            0            0            0            0            0            0            0            0            0            0            0            0            0            0 
           0            0            0            0            0            0            0            0            0            0            0            0            0            0            0            0 
     532.869      16.2588     -15.5846            0            0      964.802     -616.108  4.94332e-06     0.214992     -2.87498     0.112328     0.542048  7.70151e-05  1.06488e-08   0.00199652 -9.44216e-08 
    -719.308     -12.3215     0.276347            0            0     -616.108      2201.69 -3.29697e-06     -3.04773      3.07376     -0.12054    -0.574646 -8.12782e-05 -1.12459e-08  -0.00211014  9.85848e-08 
 6.29565e-06  2.03898e-07  -1.9242e-07            0            0  4.94332e-06 -3.29697e-06  2.51333e-07 -4.41524e-06  -3.8395e-08 -5.86456e-09  3.54304e-09 -7.06818e-12  2.06536e-16  6.73535e-12 -7.21962e-16 
   -0.364113   0.00833488   -0.0312898            0            0     0.214992     -3.04773 -4.41524e-06      6.23658   0.00033438 -1.38753e-05 -5.30021e-05 -6.73279e-09 -9.94514e-13 -1.81963e-07  6.07294e-12 
    -3.39176    -0.111122      0.11372            0            0     -2.87498      3.07376  -3.8395e-08   0.00033438    0.0208404 -0.000928691  -0.00253928 -4.92806e-07 -3.27837e-11 -8.99917e-06   3.6742e-10 
    0.124153  -0.00473831   0.00474425            0            0     0.112328     -0.12054 -5.86456e-09 -1.38753e-05 -0.000928691   0.00742455  6.68868e-05  9.54418e-07 -1.45554e-10  2.06633e-07 -5.04588e-11 
    0.627556    0.0190831   -0.0195155            0            0     0.542048    -0.574646  3.54304e-09 -5.30021e-05  -0.00253928  6.68868e-05   0.00118325  2.35407e-07  1.38585e-11  5.40278e-06  2.61139e-10 
 8.75713e-05   1.8911e-06 -1.93849e-06            0            0  7.70151e-05 -8.12782e-05 -7.06818e-12 -6.73279e-09 -4.92806e-07  9.54418e-07  2.35407e-07   1.6194e-08  2.50399e-13  1.50102e-09  6.95972e-14 
 1.27357e-08  8.60056e-10 -8.74087e-10            0            0  1.06488e-08 -1.12459e-08  2.06536e-16 -9.94514e-13 -3.27837e-11 -1.45554e-10  1.38585e-11  2.50399e-13  2.70692e-13  6.60114e-14  2.50098e-18 
   0.0022922  6.43898e-05 -6.58672e-05            0            0   0.00199652  -0.00211014  6.73535e-12 -1.81963e-07 -8.99917e-06  2.06633e-07  5.40278e-06  1.50102e-09  6.60114e-14  3.68686e-08  1.00995e-12 
-1.05261e-07 -2.39762e-09  2.44978e-09            0            0 -9.44216e-08  9.85848e-08 -7.21962e-16  6.07294e-12   3.6742e-10 -5.04588e-11  2.61139e-10  6.95972e-14  2.50098e-18  1.00995e-12   1.8918e-13 

 Covariant Matrix for [0,2] 
     996.237      23.0177     -25.1854            0            0      440.705     -594.725      1.74371     -1.96277     -4.17782     -0.34103     0.520234  0.000775035 -4.33346e-11   0.00232612  3.03133e-08 
     23.0177       24.306     -10.0573            0            0      17.4782     -15.1477    0.0716004   -0.0692844     -0.17312   -0.0222357    0.0200046  3.10132e-05 -3.58628e-12  9.05235e-05  1.11361e-09 
    -25.1854     -10.0573      46.3583            0            0     -16.9712      -2.2253   -0.0701954    0.0458004     0.178997    0.0227602   -0.0207088  -3.2076e-05  3.65898e-12 -9.36565e-05 -1.14948e-09 
           0            0            0            0            0            0            0            0            0            0            0            0            0            0            0            0 
           0            0            0            0            0            0            0            0            0            0            0            0            0            0            0            0 
     440.705      17.4782     -16.9712            0            0        687.3     -470.202      1.32478     -1.27384     -3.26873    -0.264405     0.411598  0.000612826 -3.32781e-11    0.0018452  2.47544e-08 
    -594.725     -15.1477      -2.2253            0            0     -470.202      1935.75     -1.17499     -0.57774      3.62276     0.289713    -0.454514  -0.00067686  3.62879e-11  -0.00203477 -2.69025e-08 
     1.74371    0.0716004   -0.0701954            0            0      1.32478     -1.17499      2.08946     -0.64359   -0.0136738  -0.00249262   0.00112273  6.32517e-07  -2.7717e-13  3.84792e-06  6.46366e-11 
    -1.96277   -0.0692844    0.0458004            0            0     -1.27384     -0.57774     -0.64359       4.3326    0.0142771   0.00255601  -0.00118857 -7.16517e-07  2.84601e-13 -4.12346e-06 -6.79679e-11 
    -4.17782     -0.17312     0.178997            0            0     -3.26873      3.62276   -0.0136738    0.0142771    0.0331039   0.00212455  -0.00302019 -4.36353e-06  3.15849e-13 -1.31918e-05  -1.5286e-10 
    -0.34103   -0.0222357    0.0227602            0            0    -0.264405     0.289713  -0.00249262   0.00255601   0.00212455    0.0106322 -0.000293818  6.35591e-07  8.30583e-13 -1.23776e-06 -1.38988e-12 
    0.520234    0.0200046   -0.0207088            0            0     0.411598    -0.454514   0.00112273  -0.00118857  -0.00302019 -0.000293818   0.00106742  1.78901e-06 -6.31902e-14  5.76433e-06 -7.44306e-11 
 0.000775035  3.10132e-05  -3.2076e-05            0            0  0.000612826  -0.00067686  6.32517e-07 -7.16517e-07 -4.36353e-06  6.35591e-07  1.78901e-06  2.55829e-08 -1.40586e-15  1.28759e-08 -1.41854e-13 
-4.33346e-11 -3.58628e-12  3.65898e-12            0            0 -3.32781e-11  3.62879e-11  -2.7717e-13  2.84601e-13  3.15849e-13  8.30583e-13 -6.31902e-14 -1.40586e-15  7.94142e-18 -5.93098e-16  1.10622e-20 
  0.00232612  9.05235e-05 -9.36565e-05            0            0    0.0018452  -0.00203477  3.84792e-06 -4.12346e-06 -1.31918e-05 -1.23776e-06  5.76433e-06  1.28759e-08 -5.93098e-16  4.75176e-08 -3.57465e-13 
 3.03133e-08  1.11361e-09 -1.14948e-09            0            0  2.47544e-08 -2.69025e-08  6.46366e-11 -6.79679e-11  -1.5286e-10 -1.38988e-12 -7.44306e-11 -1.41854e-13  1.10622e-20 -3.57465e-13  1.53354e-14 

 Covariant Matrix for [0,3] 
     5089.73      150.599     -156.401            0            0      3567.04     -4024.83 -5.36744e-06    -0.701278     -10.4767     0.965798     -1.62381  -0.00126908   6.2486e-10  -0.00678859   -0.0408108 
     150.599      66.1686     -30.0474            0            0      126.745     -123.461 -2.01643e-07    0.0082421    -0.399767     0.044008   -0.0514988 -4.32614e-05  2.54058e-11  -0.00022446  -0.00135778 
    -156.401     -30.0474      75.0065            0            0     -127.835      104.248  2.01305e-07   -0.0427211     0.409237   -0.0449312    0.0525914  4.41955e-05 -2.59206e-11  0.000229314   0.00138861 
           0            0            0            0            0            0            0            0            0            0            0            0            0            0            0            0 
           0            0            0            0            0            0            0            0            0            0            0            0            0            0            0            0 
     3567.04      126.745     -127.835            0            0      3831.72     -3460.72 -4.43986e-06     0.113586     -8.93313     0.827827       -1.446  -0.00111832   5.4727e-10  -0.00600065   -0.0357405 
    -4024.83     -123.461      104.248            0            0     -3460.72      6120.68   4.1629e-06      -3.8729      9.49376     -0.87375      1.50791   0.00117099 -5.72786e-10   0.00627679    0.0375607 
-5.36744e-06 -2.01643e-07  2.01305e-07            0            0 -4.43986e-06   4.1629e-06  1.25452e-09  1.26453e-06  1.51249e-08  3.47257e-10  8.17183e-10  1.60031e-12 -3.80955e-20  5.12261e-12  3.68561e-11 
   -0.701278    0.0082421   -0.0427211            0            0     0.113586      -3.8729  1.26453e-06      8.31425  0.000764065 -5.88254e-05  7.30448e-05  6.56355e-08  -3.1057e-14  3.37686e-07  2.31462e-06 
    -10.4767    -0.399767     0.409237            0            0     -8.93313      9.49376  1.51249e-08  0.000764065    0.0291766  -0.00237054   0.00337587  2.67689e-06 -1.41196e-12  1.44986e-05  9.00998e-05 
    0.965798     0.044008   -0.0449312            0            0     0.827827     -0.87375  3.47257e-10 -5.88254e-05  -0.00237054   0.00526956  -0.00057625  1.55554e-07  1.11281e-12 -2.23577e-06 -1.15641e-05 
    -1.62381   -0.0514988    0.0525914            0            0       -1.446      1.50791  8.17183e-10  7.30448e-05   0.00337587  -0.00057625   0.00219664  1.41977e-06 -6.58532e-13  8.59657e-06  3.06132e-05 
 -0.00126908 -4.32614e-05  4.41955e-05            0            0  -0.00111832   0.00117099  1.60031e-12  6.56355e-08  2.67689e-06  1.55554e-07  1.41977e-06  9.35648e-09 -1.47598e-15  6.08404e-09  2.08252e-08 
  6.2486e-10  2.54058e-11 -2.59206e-11            0            0   5.4727e-10 -5.72786e-10 -3.80955e-20  -3.1057e-14 -1.41196e-12  1.11281e-12 -6.58532e-13 -1.47598e-15   1.3542e-17 -2.66258e-15  -1.0437e-14 
 -0.00678859  -0.00022446  0.000229314            0            0  -0.00600065   0.00627679  5.12261e-12  3.37686e-07  1.44986e-05 -2.23577e-06  8.59657e-06  6.08404e-09 -2.66258e-15  3.96556e-08   1.1918e-07 
  -0.0408108  -0.00135778   0.00138861            0            0   -0.0357405    0.0375607  3.68561e-11  2.31462e-06  9.00998e-05 -1.15641e-05  3.06132e-05  2.08252e-08  -1.0437e-14   1.1918e-07  5.61718e-07 

 Covariant Matrix for [0,4] 
     1297.13       27.054     -31.0285            0            0      449.796     -683.573      1.21031     -1.65868     -2.60123     0.515746     0.430942  0.000449046 -1.41618e-11   0.00177238  2.34088e-09 
      27.054      50.4102     -20.6366            0            0      19.9137     -13.0541    0.0632499   -0.0504868    -0.138123     0.048375    0.0160062  1.88689e-05  5.39219e-13  6.00579e-05  8.72799e-11 
    -31.0285     -20.6366      83.2039            0            0     -18.0495     -17.3296   -0.0580334  -0.00897851     0.142607   -0.0495741   -0.0165832 -1.94819e-05 -5.37591e-13  -6.2243e-05 -8.92058e-11 
           0            0            0            0            0            0            0            0            0            0            0            0            0            0            0            0 
           0            0            0            0            0            0            0            0            0            0            0            0            0            0            0            0 
     449.796      19.9137     -18.0495            0            0      941.852     -558.527     0.871504    -0.626138     -2.06055     0.384201     0.358271  0.000372906 -1.32065e-11   0.00149365  2.09763e-09 
    -683.573     -13.0541     -17.3296            0            0     -558.527      2605.72    -0.499715     -3.16357      2.25306    -0.423338    -0.385666 -0.000400259  1.39511e-11  -0.00159956 -2.17117e-09 
     1.21031    0.0632499   -0.0580334            0            0     0.871504    -0.499715      3.71572       -1.016  -0.00669305   0.00208294  0.000475439  1.07473e-06  6.37477e-15  1.54954e-06  4.30425e-12 
    -1.65868   -0.0504868  -0.00897851            0            0    -0.626138     -3.16357       -1.016      8.57104   0.00709101  -0.00217359 -0.000524375 -1.13081e-06 -5.34992e-15 -1.73209e-06 -4.44325e-12 
    -2.60123    -0.138123     0.142607            0            0     -2.06055      2.25306  -0.00669305   0.00709101    0.0143718  -0.00319907  -0.00133554 -1.58358e-06  2.22056e-15 -5.31236e-06 -6.25475e-12 
    0.515746     0.048375   -0.0495741            0            0     0.384201    -0.423338   0.00208294  -0.00217359  -0.00319907    0.0062854   0.00022903  7.65467e-07  1.01759e-13  8.72165e-07  1.92893e-12 
    0.430942    0.0160062   -0.0165832            0            0     0.358271    -0.385666  0.000475439 -0.000524375  -0.00133554   0.00022903  0.000693036  8.25548e-07 -1.57032e-14  3.51739e-06 -5.71357e-12 
 0.000449046  1.88689e-05 -1.94819e-05            0            0  0.000372906 -0.000400259  1.07473e-06 -1.13081e-06 -1.58358e-06  7.65467e-07  8.25548e-07  1.27999e-08 -1.98318e-16  5.43705e-09 -8.05656e-15 
-1.41618e-11  5.39219e-13 -5.37591e-13            0            0 -1.32065e-11  1.39511e-11  6.37477e-15 -5.34992e-15  2.22056e-15  1.01759e-13 -1.57032e-14 -1.98318e-16  6.59385e-19 -1.05794e-16  1.63654e-22 
  0.00177238  6.00579e-05  -6.2243e-05            0            0   0.00149365  -0.00159956  1.54954e-06 -1.73209e-06 -5.31236e-06  8.72165e-07  3.51739e-06  5.43705e-09 -1.05794e-16  2.68547e-08 -2.66387e-14 
 2.34088e-09  8.72799e-11 -8.92058e-11            0            0  2.09763e-09 -2.17117e-09  4.30425e-12 -4.44325e-12 -6.25475e-12  1.92893e-12 -5.71357e-12 -8.05656e-15  1.63654e-22 -2.66387e-14  3.97553e-16 

 Covariant Matrix for [0,5] 
      1069.7      36.0007     -38.4395  2.13743e-06   -0.0463518      458.302     -615.027      5.21638     -5.49684     -3.80396    -0.149065     0.417994  0.000271211  1.09737e-10   0.00158051 -9.89255e-08 
     36.0007      42.0165      -17.028  1.30662e-07   0.00155684      27.6248     -23.0414     0.308264    -0.306767    -0.240937   -0.0177773    0.0237079  1.34659e-05  6.44027e-10  8.73243e-05 -4.25845e-09 
    -38.4395      -17.028      59.1747 -1.29241e-07   -0.0076942     -27.1621      2.77279    -0.303713     0.276331     0.247412    0.0182059   -0.0243618  -1.3855e-05  -6.5812e-10 -8.97323e-05  4.37732e-09 
 2.13743e-06  1.30662e-07 -1.29241e-07  6.73806e-08 -8.60215e-07   1.6398e-06 -1.37793e-06  2.02963e-08 -2.02535e-08 -1.49223e-08  7.67791e-10  1.18619e-09  1.56107e-12 -2.54593e-17  5.45343e-12 -2.12054e-16 
  -0.0463518   0.00155684   -0.0076942 -8.60215e-07      1.05313    0.0227172    -0.515422  0.000238643 -0.000884507  6.44142e-05  3.38232e-06 -6.69251e-06 -4.24865e-09 -8.33551e-14 -2.46148e-08  1.22265e-12 
     458.302      27.6248     -27.1621   1.6398e-06    0.0227172      756.875     -492.157      4.00654     -3.97679     -3.00305    -0.112262     0.335533  0.000219183 -5.47509e-10   0.00127614 -8.32083e-08 
    -615.027     -23.0414      2.77279 -1.37793e-06    -0.515422     -492.157      2235.66     -3.30166       1.1888      3.25804     0.125018    -0.362438 -0.000236351  2.79756e-10  -0.00137568  8.85345e-08 
     5.21638     0.308264    -0.303713  2.02963e-08  0.000238643      4.00654     -3.30166      4.98766     -2.28454   -0.0350638   0.00713669   0.00351769  3.34352e-06 -5.37791e-10  1.28379e-05 -5.97524e-10 
    -5.49684    -0.306767     0.276331 -2.02535e-08 -0.000884507     -3.97679       1.1888     -2.28454      6.74532    0.0359086    -0.007246  -0.00360443 -3.41705e-06  5.46753e-10 -1.31563e-05  6.12521e-10 
    -3.80396    -0.240937     0.247412 -1.49223e-08  6.44142e-05     -3.00305      3.25804   -0.0350638    0.0359086    0.0266945  0.000626807  -0.00212745 -1.36773e-06 -2.60489e-12 -7.82388e-06  4.35039e-10 
   -0.149065   -0.0177773    0.0182059  7.67791e-10  3.38232e-06    -0.112262     0.125018   0.00713669    -0.007246  0.000626807    0.0084896 -0.000146983  5.64298e-07 -2.80285e-10 -6.80374e-07 -6.67767e-12 
    0.417994    0.0237079   -0.0243618  1.18619e-09 -6.69251e-06     0.335533    -0.362438   0.00351769  -0.00360443  -0.00212745 -0.000146983  0.000676797  4.60589e-07 -1.17996e-11  3.19845e-06  1.64273e-10 
 0.000271211  1.34659e-05  -1.3855e-05  1.56107e-12 -4.24865e-09  0.000219183 -0.000236351  3.34352e-06 -3.41705e-06 -1.36773e-06  5.64298e-07  4.60589e-07  1.29495e-08  3.28373e-13  2.78978e-09  1.82535e-13 
 1.09737e-10  6.44027e-10  -6.5812e-10 -2.54593e-17 -8.33551e-14 -5.47509e-10  2.79756e-10 -5.37791e-10  5.46753e-10 -2.60489e-12 -2.80285e-10 -1.17996e-11  3.28373e-13  4.19316e-13 -4.25976e-14 -1.83172e-19 
  0.00158051  8.73243e-05 -8.97323e-05  5.45343e-12 -2.46148e-08   0.00127614  -0.00137568  1.28379e-05 -1.31563e-05 -7.82388e-06 -6.80374e-07  3.19845e-06  2.78978e-09 -4.25976e-14  2.47013e-08  7.32696e-13 
-9.89255e-08 -4.25845e-09  4.37732e-09 -2.12054e-16  1.22265e-12 -8.32083e-08  8.85345e-08 -5.97524e-10  6.12521e-10  4.35039e-10 -6.67767e-12  1.64273e-10  1.82535e-13 -1.83172e-19  7.32696e-13  2.00792e-13 

 Covariant Matrix for [0,6] 
     1471.25      25.0863     -27.6055      10.2911     -11.0987      567.701      -814.79            0            0     -3.06363     0.246175      0.65264  0.000140472  0.000711345   0.00217181  2.49643e-07 
     25.0863       47.251     -18.8976     0.316574    -0.302886      18.3454     -12.0242            0            0    -0.117965  -0.00227757    0.0180107  9.81283e-06 -1.85928e-05  5.33829e-05   6.2856e-09 
    -27.6055     -18.8976      54.3719    -0.302138      0.24366      -17.474     -4.99992            0            0     0.121359   0.00240722   -0.0185838 -1.02149e-05  1.94723e-05 -5.51287e-05 -6.42583e-09 
     10.2911     0.316574    -0.302138      11.4681     -5.91221      7.86597     -5.94147            0            0   -0.0445957    0.0157745    0.0097451 -6.03075e-06  5.61107e-05  3.34687e-05   2.0479e-09 
    -11.0987    -0.302886      0.24366     -5.91221      16.6785       -7.642     0.837679            0            0    0.0457845   -0.0159746  -0.00998654  6.03756e-06 -5.67397e-05 -3.42656e-05 -2.09353e-09 
     567.701      18.3454      -17.474      7.86597       -7.642      1037.97     -654.954            0            0     -2.42034     0.246144     0.535758  7.50854e-05  0.000787475   0.00180538  2.22755e-07 
     -814.79     -12.0242     -4.99992     -5.94147     0.837679     -654.954      2660.47            0            0      2.65579    -0.239313    -0.579461 -0.000105485 -0.000730839  -0.00194251 -2.31845e-07 
           0            0            0            0            0            0            0            0            0            0            0            0            0            0            0            0 
           0            0            0            0            0            0            0            0            0            0            0            0            0            0            0            0 
    -3.06363    -0.117965     0.121359   -0.0445957    0.0457845     -2.42034      2.65579            0            0    0.0158047  -0.00114343  -0.00203089 -2.47454e-07 -3.30725e-06 -6.55369e-06 -6.39772e-10 
    0.246175  -0.00227757   0.00240722    0.0157745   -0.0159746     0.246144    -0.239313            0            0  -0.00114343   0.00830551  0.000247107  -2.4411e-06  1.59061e-05  7.68282e-07  3.45001e-11 
     0.65264    0.0180107   -0.0185838    0.0097451  -0.00998654     0.535758    -0.579461            0            0  -0.00203089  0.000247107   0.00104554  1.75569e-07  1.37314e-06  4.34481e-06 -7.25312e-10 
 0.000140472  9.81283e-06 -1.02149e-05 -6.03075e-06  6.03756e-06  7.50854e-05 -0.000105485            0            0 -2.47454e-07  -2.4411e-06  1.75569e-07   1.5734e-08 -2.50042e-08  1.09631e-09 -3.59595e-13 
 0.000711345 -1.85928e-05  1.94723e-05  5.61107e-05 -5.67397e-05  0.000787475 -0.000730839            0            0 -3.30725e-06  1.59061e-05  1.37314e-06 -2.50042e-08  1.24066e-07  4.94104e-09 -5.72349e-13 
  0.00217181  5.33829e-05 -5.51287e-05  3.34687e-05 -3.42656e-05   0.00180538  -0.00194251            0            0 -6.55369e-06  7.68282e-07  4.34481e-06  1.09631e-09  4.94104e-09  2.59142e-08 -2.55683e-12 
 2.49643e-07   6.2856e-09 -6.42583e-09   2.0479e-09 -2.09353e-09  2.22755e-07 -2.31845e-07            0            0 -6.39772e-10  3.45001e-11 -7.25312e-10 -3.59595e-13 -5.72349e-13 -2.55683e-12   5.0401e-12 

 Covariant Matrix for [0,7] 
     720.036      2.56279     -4.83144     0.923263     -2.14247      81.9372     -253.473  3.61255e-06    -0.198136 -1.50374e-06     -0.03776     0.235901  0.000239482 -3.13442e-09  0.000834484 -4.87782e-07 
     2.56279       43.156     -17.6774   -0.0141618    0.0686169     0.523482      7.13846 -1.64267e-07   0.00893602 -6.70081e-08   -0.0016928   0.00417957  2.95222e-07 -1.03067e-10  9.20597e-06 -1.03113e-08 
    -4.83144     -17.6774      56.3515    0.0736849    -0.249496      1.04717     -25.7587  5.27202e-07   -0.0287635  6.96707e-08   0.00150326   -0.0044476   -5.825e-07  1.26231e-10 -1.00039e-05  1.04906e-08 
    0.923263   -0.0141618    0.0736849      27.0504     -10.3731    -0.149374      4.68964 -9.77838e-08   0.00528567 -3.86045e-08  -0.00628586  0.000514504  -8.7327e-06  1.15293e-11 -4.83175e-06 -4.93332e-09 
    -2.14247    0.0686169    -0.249496     -10.3731      31.3851      1.00667     -14.7776  2.94278e-07   -0.0160202  4.00909e-08   0.00627512 -0.000628797  8.73417e-06  2.87255e-13  4.57366e-06  5.02042e-09 
     81.9372     0.523482      1.04717    -0.149374      1.00667      514.318     -208.095 -2.59211e-06     0.140951 -1.11737e-06   -0.0626586     0.193732  0.000196974  4.03903e-10  0.000705995 -4.57409e-07 
    -253.473      7.13846     -25.7587      4.68964     -14.7776     -208.095       1757.9  3.01951e-05     -1.64906  1.25052e-06    0.0468627    -0.211704 -0.000221606  1.24107e-09 -0.000765767  4.64759e-07 
 3.61255e-06 -1.64267e-07  5.27202e-07 -9.77838e-08  2.94278e-07 -2.59211e-06  3.01951e-05  9.03972e-09 -1.41221e-06 -3.89096e-15  8.54899e-10  3.04445e-10  9.84971e-13 -4.15728e-17   1.4562e-12  1.85994e-16 
   -0.198136   0.00893602   -0.0287635   0.00528567   -0.0160202     0.140951     -1.64906 -1.41221e-06    0.0771565  1.32516e-10 -1.97571e-05 -1.69982e-05 -2.47724e-08  1.93278e-12 -5.53385e-08 -8.14047e-13 
-1.50374e-06 -6.70081e-08  6.96707e-08 -3.86045e-08  4.00909e-08 -1.11737e-06  1.25052e-06 -3.89096e-15  1.32516e-10  1.14168e-10  6.55451e-10 -1.05245e-09 -9.36497e-13 -1.07309e-17 -3.46857e-12  1.65574e-15 
    -0.03776   -0.0016928   0.00150326  -0.00628586   0.00627512   -0.0626586    0.0468627  8.54899e-10 -1.97571e-05  6.55451e-10   0.00817748 -0.000109891  6.00123e-07 -2.38113e-10 -4.75536e-07  5.07422e-11 
    0.235901   0.00417957   -0.0044476  0.000514504 -0.000628797     0.193732    -0.211704  3.04445e-10 -1.69982e-05 -1.05245e-09 -0.000109891  0.000760029  8.21021e-07 -1.05184e-11  3.43164e-06  1.96419e-09 
 0.000239482  2.95222e-07   -5.825e-07  -8.7327e-06  8.73417e-06  0.000196974 -0.000221606  9.84971e-13 -2.47724e-08 -9.36497e-13  6.00123e-07  8.21021e-07  1.39675e-08  3.37163e-13  4.71829e-09  2.88458e-12 
-3.13442e-09 -1.03067e-10  1.26231e-10  1.15293e-11  2.87255e-13  4.03903e-10  1.24107e-09 -4.15728e-17  1.93278e-12 -1.07309e-17 -2.38113e-10 -1.05184e-11  3.37163e-13  8.66771e-14 -7.53307e-15 -7.05284e-18 
 0.000834484  9.20597e-06 -1.00039e-05 -4.83175e-06  4.57366e-06  0.000705995 -0.000765767   1.4562e-12 -5.53385e-08 -3.46857e-12 -4.75536e-07  3.43164e-06  4.71829e-09 -7.53307e-15  2.48816e-08  7.56309e-12 
-4.87782e-07 -1.03113e-08  1.04906e-08 -4.93332e-09  5.02042e-09 -4.57409e-07  4.64759e-07  1.85994e-16 -8.14047e-13  1.65574e-15  5.07422e-11  1.96419e-09  2.88458e-12 -7.05284e-18  7.56309e-12  6.69103e-13 

 Covariant Matrix for [0,8] 
     2639.86      55.9864     -59.8119      23.1343     -25.9023      1992.75     -2211.57            0            0     -21.7446     -7.69592     -4.04637  -0.00714061 -3.85769e-09   -0.0154413   -0.0917432 
     55.9864      4.62847     -4.21313     0.533268    -0.561605       46.497     -48.7878            0            0    -0.500371    -0.171854   -0.0979355  -0.00017219 -1.00606e-09 -0.000368694   -0.0022061 
    -59.8119     -4.21313      26.4481    -0.545618     0.445029     -48.1432      40.4034            0            0     0.527005     0.181308     0.102621  0.000180603  1.00538e-09  0.000386617   0.00231503 
     23.1343     0.533268    -0.545618      4.64398     -2.59566       19.065     -19.4982            0            0    -0.217687   -0.0635012   -0.0368299 -6.18474e-05 -3.09185e-10 -0.000146698 -0.000847628 
    -25.9023    -0.561605     0.445029     -2.59566      22.1519     -20.0128      11.5773            0            0     0.235963    0.0698561    0.0398412  6.72448e-05  2.95298e-10  0.000158427  0.000918746 
     1992.75       46.497     -48.1432       19.065     -20.0128      1860.08     -1843.13            0            0     -18.0504     -6.38814      -3.4089  -0.00599766 -5.43089e-09   -0.0129873   -0.0768788 
    -2211.57     -48.7878      40.4034     -19.4982      11.5773     -1843.13      2760.07            0            0      19.4923      6.90812       3.6524     0.006438  4.00711e-09    0.0139263    0.0825999 
           0            0            0            0            0            0            0            0            0            0            0            0            0            0            0            0 
           0            0            0            0            0            0            0            0            0            0            0            0            0            0            0            0 
    -21.7446    -0.500371     0.527005    -0.217687     0.235963     -18.0504      19.4923            0            0     0.207871    0.0653368    0.0340702  6.09376e-05 -2.21421e-11  0.000130877  0.000787081 
    -7.69592    -0.171854     0.181308   -0.0635012    0.0698561     -6.38814      6.90812            0            0    0.0653368    0.0450317    0.0127582  2.45666e-05 -4.73795e-10  4.77471e-05  0.000294273 
    -4.04637   -0.0979355     0.102621   -0.0368299    0.0398412      -3.4089       3.6524            0            0    0.0340702    0.0127582     0.011985  1.85192e-05   4.5425e-12  4.48348e-05  0.000203953 
 -0.00714061  -0.00017219  0.000180603 -6.18474e-05  6.72448e-05  -0.00599766     0.006438            0            0  6.09376e-05  2.45666e-05  1.85192e-05  5.26844e-08   4.8912e-13  7.02601e-08  3.38275e-07 
-3.85769e-09 -1.00606e-09  1.00538e-09 -3.09185e-10  2.95298e-10 -5.43089e-09  4.00711e-09            0            0 -2.21421e-11 -4.73795e-10   4.5425e-12   4.8912e-13  1.48261e-12  3.76455e-14  4.51298e-13 
  -0.0154413 -0.000368694  0.000386617 -0.000146698  0.000158427   -0.0129873    0.0139263            0            0  0.000130877  4.77471e-05  4.48348e-05  7.02601e-08  3.76455e-14   1.8408e-07  7.59689e-07 
  -0.0917432   -0.0022061   0.00231503 -0.000847628  0.000918746   -0.0768788    0.0825999            0            0  0.000787081  0.000294273  0.000203953  3.38275e-07  4.51298e-13  7.59689e-07  4.05605e-06 

 Covariant Matrix for [0,9] 
     793.963      13.4268     -16.1295      4.42365     -6.35826      322.376     -444.487            0            0     -3.31285    -0.171682     0.660512  0.000527606  6.47364e-10   0.00263706  3.75898e-10 
     13.4268      24.4487     -9.05773     0.142033    -0.093966      10.1921     -7.20638            0            0    -0.121313   -0.0106167    0.0183662   3.6945e-06  5.79276e-12  6.78328e-05  8.69496e-12 
    -16.1295     -9.05773      45.6893    -0.125066    -0.182121     -8.94434     -10.2812            0            0     0.127057    0.0107203   -0.0192497 -4.30632e-06 -8.58783e-12  -7.0961e-05 -8.88012e-12 
     4.42365     0.142033    -0.125066      4.78454     -2.62953      3.38171       -2.517            0            0   -0.0386577   0.00115264   0.00656231  6.99219e-06  3.56559e-11   2.2156e-05  1.95325e-12 
    -6.35826    -0.093966    -0.182121     -2.62953      30.3244     -2.35873     -10.7453            0            0    0.0420108  -0.00124326  -0.00709221 -7.52845e-06 -3.83364e-11 -2.39737e-05  -2.0047e-12 
     322.376      10.1921     -8.94434      3.38171     -2.35873      593.142     -373.249            0            0     -2.70228    -0.164825     0.560632  0.000446855  3.27977e-10   0.00227616  3.50105e-10 
    -444.487     -7.20638     -10.2812       -2.517     -10.7453     -373.249      1291.55            0            0      2.91811     0.163498    -0.596642 -0.000480699 -4.61358e-10  -0.00240649 -3.57414e-10 
           0            0            0            0            0            0            0            0            0            0            0            0            0            0            0            0 
           0            0            0            0            0            0            0            0            0            0            0            0            0            0            0            0 
    -3.31285    -0.121313     0.127057   -0.0386577    0.0420108     -2.70228      2.91811            0            0    0.0324847   0.00119336  -0.00409277 -3.31538e-06 -5.43902e-12 -1.58485e-05 -1.84208e-12 
   -0.171682   -0.0106167    0.0107203   0.00115264  -0.00124326    -0.164825     0.163498            0            0   0.00119336    0.0108028 -0.000529791  9.55626e-07  4.98231e-11 -2.82593e-06  3.44339e-13 
    0.660512    0.0183662   -0.0192497   0.00656231  -0.00709221     0.560632    -0.596642            0            0  -0.00409277 -0.000529791   0.00212756   1.7175e-06  1.05681e-11  1.06071e-05 -2.51046e-12 
 0.000527606   3.6945e-06 -4.30632e-06  6.99219e-06 -7.52845e-06  0.000446855 -0.000480699            0            0 -3.31538e-06  9.55626e-07   1.7175e-06  2.75336e-08 -9.07126e-14  9.53498e-09 -3.66171e-15 
 6.47364e-10  5.79276e-12 -8.58783e-12  3.56559e-11 -3.83364e-11  3.27977e-10 -4.61358e-10            0            0 -5.43902e-12  4.98231e-11  1.05681e-11 -9.07126e-14  4.94788e-15  5.53744e-14 -1.67629e-20 
  0.00263706  6.78328e-05  -7.0961e-05   2.2156e-05 -2.39737e-05   0.00227616  -0.00240649            0            0 -1.58485e-05 -2.82593e-06  1.06071e-05  9.53498e-09  5.53744e-14  7.40659e-08 -1.13278e-14 
 3.75898e-10  8.69496e-12 -8.88012e-12  1.95325e-12  -2.0047e-12  3.50105e-10 -3.57414e-10            0            0 -1.84208e-12  3.44339e-13 -2.51046e-12 -3.66171e-15 -1.67629e-20 -1.13278e-14  7.35725e-17 

 Covariant Matrix for [0,10] 
     642.525      11.0693     -15.7449      11.9599     -13.6174      270.208     -366.844  2.26977e-06    0.0024926      -4.0363    -0.175215     0.434702  0.000109836   0.00169309   0.00195613 -1.85352e-07 
     11.0693      11.5583     -5.77855      0.36705    -0.344982      8.42225     -6.67417  7.41539e-08   -5.286e-05    -0.132999   0.00496151     0.012812  4.46809e-06  5.98567e-05  5.28768e-05 -3.85588e-09 
    -15.7449     -5.77855       105.38    -0.276844    -0.451666     -6.26296     -41.0882 -8.14277e-08   0.00130286     0.146064  -0.00376347   -0.0139591 -5.25375e-06 -6.25384e-05 -5.76453e-05  4.28488e-09 
     11.9599      0.36705    -0.276844      9.17762     -6.19008      9.11729     -7.29377  7.76908e-08  -5.5368e-05    -0.137488  -0.00991005    0.0171705  1.06454e-06  7.07379e-05  8.17875e-05 -7.10192e-09 
    -13.6174    -0.344982    -0.451666     -6.19008       38.356     -8.56507     -7.75362 -8.09953e-08  0.000452908     0.143587    0.0105168   -0.0178105 -1.29669e-06 -7.27175e-05 -8.46794e-05  7.36265e-09 
     270.208      8.42225     -6.26296      9.11729     -8.56507      456.932     -298.655  1.78436e-06  -0.00132126     -3.17351    -0.108081     0.350408  7.09676e-05    0.0014351   0.00158905 -1.52207e-07 
    -366.844     -6.67417     -41.0882     -7.29377     -7.75362     -298.655      1409.91 -1.93625e-06    0.0269684      3.44842     0.137214    -0.375611 -8.65128e-05  -0.00149375  -0.00169694  1.62573e-07 
 2.26977e-06  7.41539e-08 -8.14277e-08  7.76908e-08 -8.09953e-08  1.78436e-06 -1.93625e-06   1.1368e-07  5.70565e-08 -2.90279e-08 -1.29661e-09  2.14206e-09 -1.46637e-12  8.51775e-12   1.1008e-11 -7.58039e-16 
   0.0024926   -5.286e-05   0.00130286  -5.5368e-05  0.000452908  -0.00132126    0.0269684  5.70565e-08      0.62879  -5.6828e-06 -7.36105e-07  4.84591e-07  3.86802e-10  7.56046e-10  2.02089e-09 -1.89808e-13 
     -4.0363    -0.132999     0.146064    -0.137488     0.143587     -3.17351      3.44842 -2.90279e-08  -5.6828e-06    0.0511606   0.00167966  -0.00384125   -1.306e-06 -1.28136e-05 -1.68245e-05  1.42651e-09 
   -0.175215   0.00496151  -0.00376347  -0.00991005    0.0105168    -0.108081     0.137214 -1.29661e-09 -7.36105e-07   0.00167966    0.0197315  0.000258294 -2.89535e-06  2.02301e-05  1.56373e-06  5.76425e-10 
    0.434702     0.012812   -0.0139591    0.0171705   -0.0178105     0.350408    -0.375611  2.14206e-09  4.84591e-07  -0.00384125  0.000258294   0.00137012 -2.11036e-07  6.86153e-06  7.63978e-06    7.241e-10 
 0.000109836  4.46809e-06 -5.25375e-06  1.06454e-06 -1.29669e-06  7.09676e-05 -8.65128e-05 -1.46637e-12  3.86802e-10   -1.306e-06 -2.89535e-06 -2.11036e-07  2.60659e-08 -2.38178e-08 -1.20882e-09  6.88946e-13 
  0.00169309  5.98567e-05 -6.25384e-05  7.07379e-05 -7.27175e-05    0.0014351  -0.00149375  8.51775e-12  7.56046e-10 -1.28136e-05  2.02301e-05  6.86153e-06 -2.38178e-08  1.42679e-07  4.00002e-08   3.2394e-12 
  0.00195613  5.28768e-05 -5.76453e-05  8.17875e-05 -8.46794e-05   0.00158905  -0.00169694   1.1008e-11  2.02089e-09 -1.68245e-05  1.56373e-06  7.63978e-06 -1.20882e-09  4.00002e-08   6.0427e-08  3.75031e-12 
-1.85352e-07 -3.85588e-09  4.28488e-09 -7.10192e-09  7.36265e-09 -1.52207e-07  1.62573e-07 -7.58039e-16 -1.89808e-13  1.42651e-09  5.76425e-10    7.241e-10  6.88946e-13   3.2394e-12  3.75031e-12  3.18698e-12 

 Covariant Matrix for [0,11] 
     538.769      13.0725     -18.8565      19.8266     -21.6279      191.846     -280.097  7.23637e-05   -0.0270012     -3.74172     0.458018     0.416264  2.62842e-05   0.00094228   0.00147656 -1.42182e-07 
     13.0725      19.6918     -9.31401     0.878971    -0.838502      8.71767     -5.87243  3.53116e-06  0.000931502    -0.193162    0.0410799    0.0170554  1.80277e-06   6.1558e-05  4.87867e-05 -6.18708e-09 
    -18.8565     -9.31401      89.0565    -0.625078   -0.0301255     -6.15975     -31.0629  -3.7984e-06   -0.0117453     0.210619   -0.0434002   -0.0188398 -2.10927e-06 -6.54283e-05 -5.49926e-05  6.63446e-09 
     19.8266     0.878971    -0.625078       25.217     -14.0033      13.1014     -9.21668   6.5307e-06   0.00127564    -0.284217   -0.0382137    0.0274284  2.32223e-05 -7.63568e-05  8.45396e-05 -6.93899e-09 
    -21.6279    -0.838502   -0.0301255     -14.0033      36.2655     -12.5567    -0.719056  -6.6818e-06  -0.00423037     0.292215    0.0382903   -0.0282355 -2.36293e-05  7.66322e-05  -8.7237e-05   7.1344e-09 
     191.846      8.71767     -6.15975      13.1014     -12.5567      334.049     -213.717   5.0905e-05    0.0128552     -2.68727     0.386282     0.310709 -8.40535e-06  0.000834142   0.00112534 -1.13646e-07 
    -280.097     -5.87243     -31.0629     -9.21668    -0.719056     -213.717      904.706 -5.49224e-05    -0.178052      2.95015    -0.418452    -0.338657  4.29736e-06 -0.000892059  -0.00122544  1.20732e-07 
 7.23637e-05  3.53116e-06  -3.7984e-06   6.5307e-06  -6.6818e-06   5.0905e-05 -5.49224e-05  9.31186e-06 -8.95459e-06 -1.10587e-06 -1.95171e-07  8.43034e-08  1.16435e-10 -4.46257e-10  1.29057e-10 -1.80303e-14 
  -0.0270012  0.000931502   -0.0117453   0.00127564  -0.00423037    0.0128552    -0.178052 -8.95459e-06      1.42533  7.18268e-05 -8.21202e-06 -7.48979e-06 -1.44731e-09 -1.40617e-08 -2.65977e-08  1.73789e-12 
    -3.74172    -0.193162     0.210619    -0.284217     0.292215     -2.68727      2.95015 -1.10587e-06  7.18268e-05    0.0599566  -0.00909656  -0.00429098  1.45729e-07  -1.2313e-05 -1.47588e-05   1.2243e-09 
    0.458018    0.0410799   -0.0434002   -0.0382137    0.0382903     0.386282    -0.418452 -1.95171e-07 -8.21202e-06  -0.00909656     0.031391  0.000632185  -4.9071e-06  3.43761e-05  2.22042e-06  1.33044e-10 
    0.416264    0.0170554   -0.0188398    0.0274284   -0.0282355     0.310709    -0.338657  8.43034e-08 -7.48979e-06  -0.00429098  0.000632185   0.00139702  1.47124e-08  2.69953e-06  6.40293e-06  4.55877e-10 
 2.62842e-05  1.80277e-06 -2.10927e-06  2.32223e-05 -2.36293e-05 -8.40535e-06  4.29736e-06  1.16435e-10 -1.44731e-09  1.45729e-07  -4.9071e-06  1.47124e-08  3.53736e-08 -3.15946e-08  1.73879e-10  2.33556e-13 
