 Covariant Matrix for [0,0] 
     1961.28      2.04275     -4.46179            0            0      1259.66     -1383.82      5.27807     -5.87804     5.29e-06    -0.184389     -8.85935 -2.17873e-08  5.42734e-09   -0.0254112  0.000325174 
     2.04275       35.101     -15.1797            0            0      0.34357      5.85384  -0.00229134    0.0186183  8.27882e-08  -0.00459279   0.00443619 -1.69137e-11 -1.31233e-11  1.40629e-06 -4.84831e-08 
    -4.46179     -15.1797      42.4409            0            0     0.238095      -17.547   0.00454537   -0.0504764 -8.53252e-08   0.00465166    0.0011324  3.02782e-11  9.57594e-12  1.44632e-05 -1.54922e-07 
           0            0            0            0            0            0            0            0            0            0            0            0            0            0            0            0 
           0            0            0            0            0            0            0            0            0            0            0            0            0            0            0            0 
     1259.66      0.34357     0.238095            0            0      1910.29     -1374.69      5.10385      -4.8847  5.18272e-06    -0.181751     -8.82387 -2.16748e-08  5.40629e-09   -0.0252976  0.000323789 
    -1383.82      5.85384      -17.547            0            0     -1374.69      2861.73     -4.36024      1.10931 -5.00018e-06     0.173647      8.50953  2.08964e-08 -5.21843e-09    0.0243968 -0.000312256 
     5.27807  -0.00229134   0.00454537            0            0      5.10385     -4.36024      4.26247     -1.40629  2.03783e-08  -0.00168554   -0.0401638 -1.10772e-10  2.40058e-11 -0.000115246  1.43601e-06 
    -5.87804    0.0186183   -0.0504764            0            0      -4.8847      1.10931     -1.40629      8.89164 -2.10029e-08   0.00168742    0.0411856  1.13072e-10 -2.46605e-11  0.000118175 -1.47398e-06 
    5.29e-06  8.27882e-08 -8.53252e-08            0            0  5.18272e-06 -5.00018e-06  2.03783e-08 -2.10029e-08  4.73348e-11   1.1225e-09 -2.24401e-08 -5.39403e-17  1.48609e-17 -6.51519e-11  8.58763e-13 
   -0.184389  -0.00459279   0.00465166            0            0    -0.181751     0.173647  -0.00168554   0.00168742   1.1225e-09   0.00534783   0.00104359  9.05812e-12  3.53509e-12  2.98227e-06 -3.92003e-08 
    -8.85935   0.00443619    0.0011324            0            0     -8.82387      8.50953   -0.0401638    0.0411856 -2.24401e-08   0.00104359    0.0717376  1.74315e-10 -4.49854e-11  0.000206212 -2.52988e-06 
-2.17873e-08 -1.69137e-11  3.02782e-11            0            0 -2.16748e-08  2.08964e-08 -1.10772e-10  1.13072e-10 -5.39403e-17  9.05812e-12  1.74315e-10  1.78103e-15 -1.71317e-19  5.02223e-13 -6.14942e-15 
 5.42734e-09 -1.31233e-11  9.57594e-12            0            0  5.40629e-09 -5.21843e-09  2.40058e-11 -2.46605e-11  1.48609e-17  3.53509e-12 -4.49854e-11 -1.71317e-19  1.61936e-16 -1.29532e-13  1.58468e-15 
  -0.0254112  1.40629e-06  1.44632e-05            0            0   -0.0252976    0.0243968 -0.000115246  0.000118175 -6.51519e-11  2.98227e-06  0.000206212  5.02223e-13 -1.29532e-13  6.03662e-07 -7.23945e-09 
 0.000325174 -4.84831e-08 -1.54922e-07            0            0  0.000323789 -0.000312256  1.43601e-06 -1.47398e-06  8.58763e-13 -3.92003e-08 -2.52988e-06 -6.14942e-15  1.58468e-15 -7.23945e-09  9.03639e-11 

 Covariant Matrix for [0,1] 
     1058.86      19.2737     -20.3445            0            0      508.051     -642.054   1.0264e-05    -0.270291      -3.2283     0.115507     0.566908  7.63235e-05  1.56882e-08   0.00207858 -2.12091e-07 
     19.2737      21.6292     -11.7954            0            0      17.6477     -12.5858  3.81159e-07    0.0101852    -0.120509  -0.00508031    0.0192929  1.89318e-06  1.17826e-09  6.48125e-05 -5.35428e-09 
    -20.3445     -11.7954      35.9138            0            0     -16.5827     0.591551 -3.53812e-07   -0.0322021     0.120395    0.0050914   -0.0192848 -1.88646e-06 -1.17849e-09 -6.48086e-05   5.3543e-09 
           0            0            0            0            0            0            0            0            0            0            0            0            0            0            0            0 
           0            0            0            0            0            0            0            0            0            0            0            0            0            0            0            0 
     508.051      17.6477     -16.5827            0            0      1008.32     -624.028  9.25806e-06     0.264113     -3.12001     0.121927     0.547956  7.55214e-05  1.45228e-08   0.00201045 -2.06301e-07 
    -642.054     -12.5858     0.591551            0            0     -624.028      2147.63 -5.89201e-06     -2.99842      3.11292    -0.121208    -0.547675 -7.49688e-05 -1.45161e-08  -0.00201177  2.06525e-07 
  1.0264e-05  3.81159e-07 -3.53812e-07            0            0  9.25806e-06 -5.89201e-06  7.03432e-07 -7.41738e-06 -7.09102e-08  -1.0834e-08  6.27279e-09 -1.21517e-11   4.9602e-16  1.22846e-11 -2.75375e-15 
   -0.270291    0.0101852   -0.0322021            0            0     0.264113     -2.99842 -7.41738e-06      6.06782 -1.16093e-05  1.44913e-06  3.54672e-07  1.36672e-09  2.07942e-13  -3.0309e-09  5.19174e-13 
     -3.2283    -0.120509     0.120395            0            0     -3.12001      3.11292 -7.09102e-08 -1.16093e-05    0.0224462 -0.000992799  -0.00258885 -4.87509e-07 -4.53242e-11 -9.17929e-06  8.26996e-10 
    0.115507  -0.00508031    0.0050914            0            0     0.121927    -0.121208  -1.0834e-08  1.44913e-06 -0.000992799   0.00800591  6.89405e-05  9.68211e-07 -2.05439e-10  2.18842e-07 -1.08881e-10 
    0.566908    0.0192929   -0.0192848            0            0     0.547956    -0.547675  6.27279e-09  3.54672e-07  -0.00258885  6.89405e-05   0.00115025   2.2416e-07  1.81587e-11  5.25388e-06  5.32917e-10 
 7.63235e-05  1.89318e-06 -1.88646e-06            0            0  7.55214e-05 -7.49688e-05 -1.21517e-11  1.36672e-09 -4.87509e-07  9.68211e-07   2.2416e-07  1.63263e-08  3.38698e-13   1.4492e-09  1.36942e-13 
 1.56882e-08  1.17826e-09 -1.17849e-09            0            0  1.45228e-08 -1.45161e-08   4.9602e-16  2.07942e-13 -4.53242e-11 -2.05439e-10  1.81587e-11  3.38698e-13  7.72281e-13  8.69738e-14  7.08262e-18 
  0.00207858  6.48125e-05 -6.48086e-05            0            0   0.00201045  -0.00201177  1.22846e-11  -3.0309e-09 -9.17929e-06  2.18842e-07  5.25388e-06   1.4492e-09  8.69738e-14  3.62419e-08  2.06333e-12 
-2.12091e-07 -5.35428e-09   5.3543e-09            0            0 -2.06301e-07  2.06525e-07 -2.75375e-15  5.19174e-13  8.26996e-10 -1.08881e-10  5.32917e-10  1.36942e-13  7.08262e-18  2.06333e-12  6.52908e-13 

 Covariant Matrix for [0,2] 
     829.834      22.2981     -23.5288            0            0      428.023     -523.249      1.70832     -1.83522     -4.06215    -0.237272     0.476193   0.00073707  3.63104e-09    0.0021493 -9.02252e-08 
     22.2981      24.2384     -9.90256            0            0      20.0654     -16.2147    0.0827356   -0.0778271    -0.198071   -0.0195775    0.0214541  3.45849e-05  3.26171e-10  9.77123e-05 -3.78742e-09 
    -23.5288     -9.90256      45.3858            0            0     -19.0441     -1.29124   -0.0792478     0.052798     0.198614    0.0196443   -0.0215317 -3.46955e-05   -3.271e-10 -9.80657e-05  3.80193e-09 
           0            0            0            0            0            0            0            0            0            0            0            0            0            0            0            0 
           0            0            0            0            0            0            0            0            0            0            0            0            0            0            0            0 
     428.023      20.0654     -19.0441            0            0      734.573     -486.946      1.53932     -1.43913     -3.75478    -0.205693     0.440948  0.000683486  3.15895e-09    0.0019904 -8.39437e-08 
    -523.249     -16.2147     -1.29124            0            0     -486.946      1894.07     -1.27191    -0.488913      3.80008     0.210325    -0.447051 -0.000692307 -3.21753e-09  -0.00201803  8.50483e-08 
     1.70832    0.0827356   -0.0792478            0            0      1.53932     -1.27191      2.07839    -0.628408   -0.0157598  -0.00248866   0.00123497  8.41654e-07  2.56475e-11  4.36162e-06  -2.3073e-10 
    -1.83522   -0.0778271     0.052798            0            0     -1.43913    -0.488913    -0.628408      4.23087    0.0158419   0.00249868  -0.00124483 -8.54349e-07 -2.57786e-11 -4.40441e-06  2.32526e-10 
    -4.06215    -0.198071     0.198614            0            0     -3.75478      3.80008   -0.0157598    0.0158419    0.0377686   0.00163208  -0.00328831 -4.97442e-06 -2.88514e-11 -1.44933e-05  5.36388e-10 
   -0.237272   -0.0195775    0.0196443            0            0    -0.205693     0.210325  -0.00248866   0.00249868   0.00163208    0.0116834 -0.000222488  7.86939e-07 -7.86066e-11 -8.89346e-07 -9.65068e-12 
    0.476193    0.0214541   -0.0215317            0            0     0.440948    -0.447051   0.00123497  -0.00124483  -0.00328831 -0.000222488   0.00109351   1.9069e-06  6.57455e-12  5.93452e-06   2.5187e-10 
  0.00073707  3.45849e-05 -3.46955e-05            0            0  0.000683486 -0.000692307  8.41654e-07 -8.54349e-07 -4.97442e-06  7.86939e-07   1.9069e-06  2.61379e-08  1.30994e-13  1.37453e-08  4.87337e-13 
 3.63104e-09  3.26171e-10   -3.271e-10            0            0  3.15895e-09 -3.21753e-09  2.56475e-11 -2.57786e-11 -2.88514e-11 -7.86066e-11  6.57455e-12  1.30994e-13  1.23444e-13   6.0539e-14  3.55297e-18 
   0.0021493  9.77123e-05 -9.80657e-05            0            0    0.0019904  -0.00201803  4.36162e-06 -4.40441e-06 -1.44933e-05 -8.89346e-07  5.93452e-06  1.37453e-08   6.0539e-14   4.8781e-08  1.21147e-12 
-9.02252e-08 -3.78742e-09  3.80193e-09            0            0 -8.39437e-08  8.50483e-08  -2.3073e-10  2.32526e-10  5.36388e-10 -9.65068e-12   2.5187e-10  4.87337e-13  3.55297e-18  1.21147e-12  1.59683e-13 

 Covariant Matrix for [0,3] 
     4580.58      154.156     -156.414            0            0      3539.37     -3790.26  0.000167754    -0.431581       -10.68      1.02033     -1.40221  -0.00111969 -5.51112e-08  -0.00603454   -0.0391397 
     154.156      67.3569     -30.7511            0            0      142.928     -133.219  7.17999e-06    0.0161569    -0.462735    0.0525049   -0.0492121 -4.25623e-05 -2.52128e-09 -0.000222677  -0.00146224 
    -156.414     -30.7511      74.0335            0            0     -141.286      112.004 -7.03762e-06    -0.049309     0.463422   -0.0525477    0.0492801   4.2615e-05   2.5232e-09   0.00022298   0.00146464 
           0            0            0            0            0            0            0            0            0            0            0            0            0            0            0            0 
           0            0            0            0            0            0            0            0            0            0            0            0            0            0            0            0 
     3539.37      142.928     -141.286            0            0      4097.98     -3576.72  0.000154223     0.292663     -10.0396     0.956865     -1.33608   -0.0010634 -5.21251e-08  -0.00573556   -0.0370873 
    -3790.26     -133.219      112.004            0            0     -3576.72      6028.07  -0.00013878     -3.92341       10.127      -0.9623      1.34466    0.0010703   5.2361e-08   0.00577399    0.0373819 
 0.000167754  7.17999e-06 -7.03762e-06            0            0  0.000154223  -0.00013878  1.06767e-06 -3.75598e-05  -5.3202e-07 -7.47493e-09 -2.55274e-08 -5.04719e-11 -2.25779e-16 -1.65779e-10 -1.25512e-09 
   -0.431581    0.0161569    -0.049309            0            0     0.292663     -3.92341 -3.75598e-05      8.08213  0.000169617 -9.14693e-06  1.53175e-05  1.33818e-08  3.72827e-13  7.08159e-08  5.45942e-07 
      -10.68    -0.462735     0.463422            0            0     -10.0396       10.127  -5.3202e-07  0.000169617     0.033468  -0.00286659   0.00323211  2.63804e-06  1.40423e-10  1.44054e-05   9.7159e-05 
     1.02033    0.0525049   -0.0525477            0            0     0.956865      -0.9623 -7.47493e-09 -9.14693e-06  -0.00286659   0.00587388 -0.000569772  1.79561e-07  -1.1338e-10 -2.26443e-06 -1.26534e-05 
    -1.40221   -0.0492121    0.0492801            0            0     -1.33608      1.34466 -2.55274e-08  1.53175e-05   0.00323211 -0.000569772   0.00193409   1.2455e-06   5.6931e-11  7.64838e-06  2.83799e-05 
 -0.00111969 -4.25623e-05   4.2615e-05            0            0   -0.0010634    0.0010703 -5.04719e-11  1.33818e-08  2.63804e-06  1.79561e-07   1.2455e-06   9.1593e-09  1.33713e-13  5.44509e-09  1.94437e-08 
-5.51112e-08 -2.52128e-09   2.5232e-09            0            0 -5.21251e-08   5.2361e-08 -2.25779e-16  3.72827e-13  1.40423e-10  -1.1338e-10   5.6931e-11  1.33713e-13  2.77558e-13  2.33706e-13  9.70184e-13 
 -0.00603454 -0.000222677   0.00022298            0            0  -0.00573556   0.00577399 -1.65779e-10  7.08159e-08  1.44054e-05 -2.26443e-06  7.64838e-06  5.44509e-09  2.33706e-13    3.619e-08  1.12355e-07 
  -0.0391397  -0.00146224   0.00146464            0            0   -0.0370873    0.0373819 -1.25512e-09  5.45942e-07   9.7159e-05 -1.26534e-05  2.83799e-05  1.94437e-08  9.70184e-13  1.12355e-07  5.65909e-07 

 Covariant Matrix for [0,4] 
     1147.13       24.417     -27.3372            0            0       431.57     -618.677      1.08833     -1.44171      -2.3306     0.479109     0.409925  0.000434261 -1.25598e-11    0.0016541  3.45917e-09 
      24.417      52.1112      -21.279            0            0      20.6835     -11.9668    0.0631828   -0.0465335    -0.137451    0.0505817    0.0160109  1.94465e-05  4.42933e-13  5.81462e-05  1.30785e-10 
    -27.3372      -21.279      80.9871            0            0     -18.0823     -17.4413   -0.0558976   -0.0116114     0.137682   -0.0505462   -0.0160695 -1.94918e-05 -4.38208e-13 -5.83768e-05 -1.31041e-10 
           0            0            0            0            0            0            0            0            0            0            0            0            0            0            0            0 
           0            0            0            0            0            0            0            0            0            0            0            0            0            0            0            0 
      431.57      20.6835     -18.0823            0            0      1016.95     -580.814     0.904021    -0.589942     -2.14219     0.425351      0.38482  0.000406529  -1.2403e-11   0.00156159  3.28027e-09 
    -618.677     -11.9668     -17.4413            0            0     -580.814      2548.79    -0.442846     -3.11164      2.16352    -0.425697    -0.389045 -0.000410043  1.27008e-11  -0.00157777 -3.30173e-09 
     1.08833    0.0631828   -0.0558976            0            0     0.904021    -0.442846      3.81025     -1.05949  -0.00670058   0.00224684  0.000467381  1.12804e-06  5.62296e-15  1.48913e-06  6.47863e-12 
    -1.44171   -0.0465335   -0.0116114            0            0    -0.589942     -3.11164     -1.05949      8.33973   0.00672965  -0.00224267 -0.000475108 -1.13279e-06 -4.96501e-15 -1.51944e-06 -6.50833e-12 
     -2.3306    -0.137451     0.137682            0            0     -2.14219      2.16352  -0.00670058   0.00672965    0.0142831    -0.003447  -0.00133282 -1.61989e-06  2.64681e-15 -5.17254e-06 -9.43709e-12 
    0.479109    0.0505817   -0.0505462            0            0     0.425351    -0.425697   0.00224684  -0.00224267    -0.003447   0.00656463  0.000233228  7.95791e-07  8.63683e-14  8.54229e-07  2.85432e-12 
    0.409925    0.0160109   -0.0160695            0            0      0.38482    -0.389045  0.000467381 -0.000475108  -0.00133282  0.000233228   0.00072227  8.72485e-07 -1.51542e-14  3.58818e-06 -8.86749e-12 
 0.000434261  1.94465e-05 -1.94918e-05            0            0  0.000406529 -0.000410043  1.12804e-06 -1.13279e-06 -1.61989e-06  7.95791e-07  8.72485e-07  1.30391e-08 -1.73313e-16  5.61531e-09 -1.25535e-14 
-1.25598e-11  4.42933e-13 -4.38208e-13            0            0  -1.2403e-11  1.27008e-11  5.62296e-15 -4.96501e-15  2.64681e-15  8.63683e-14 -1.51542e-14 -1.73313e-16  5.12252e-19 -9.85602e-17  2.27693e-22 
   0.0016541  5.81462e-05 -5.83768e-05            0            0   0.00156159  -0.00157777  1.48913e-06 -1.51944e-06 -5.17254e-06  8.54229e-07  3.58818e-06  5.61531e-09 -9.85602e-17  2.68473e-08 -4.00309e-14 
 3.45917e-09  1.30785e-10 -1.31041e-10            0            0  3.28027e-09 -3.30173e-09  6.47863e-12 -6.50833e-12 -9.43709e-12  2.85432e-12 -8.86749e-12 -1.25535e-14  2.27693e-22 -4.00309e-14  7.47409e-16 

 Covariant Matrix for [0,5] 
     934.597      34.7252      -36.082  3.23708e-08   -0.0341179      442.968     -552.897      4.99686     -5.13705       -3.609     -0.16827     0.381873  0.000238956 -8.09715e-12    0.0014467  6.52631e-09 
     34.7252      42.4485     -17.0507  2.25496e-09   0.00201224      30.4263     -23.9264     0.336411    -0.327786    -0.259936    -0.021107    0.0244666  1.32975e-05 -3.51852e-11  9.00851e-05   3.1406e-10 
     -36.082     -17.0507      57.4692 -2.18184e-09  -0.00783845      -29.278      3.97086    -0.324206     0.291171     0.260268    0.0211507   -0.0245094 -1.33257e-05  3.52619e-11 -9.02481e-05 -3.14619e-10 
 3.23708e-08  2.25496e-09 -2.18184e-09  1.71892e-11 -1.32898e-08  2.83811e-08 -2.25055e-08  3.47388e-10 -3.39587e-10 -2.52085e-10  1.06651e-11  1.93161e-11  2.46098e-14  1.90418e-20  8.85004e-14  2.47812e-19 
  -0.0341179   0.00201224  -0.00783845 -1.32898e-08      1.01902    0.0285821    -0.499141  0.000303434 -0.000914005    9.759e-06  1.10212e-06 -1.11504e-06 -6.89377e-10  1.75782e-16 -4.12647e-09 -1.68751e-14 
     442.968      30.4263      -29.278  2.83811e-08    0.0285821      797.454     -502.992      4.37855     -4.25643     -3.24937    -0.147387     0.346478  0.000217499  1.25708e-11   0.00131596  6.07495e-09 
    -552.897     -23.9264      3.97086 -2.25055e-08    -0.499141     -502.992      2181.59     -3.39743      1.30449      3.27948     0.150852     -0.35004 -0.000219841 -5.94128e-12  -0.00132935 -6.12049e-09 
     4.99686     0.336411    -0.324206  3.47388e-10  0.000303434      4.37855     -3.39743      5.02807     -2.26788   -0.0375394   0.00729925   0.00360295  3.34212e-06  2.80161e-11  1.31289e-05  4.41674e-11 
    -5.13705    -0.327786     0.291171 -3.39587e-10 -0.000914005     -4.25643      1.30449     -2.26788      6.53119    0.0375582  -0.00729747  -0.00360659 -3.34411e-06 -2.80203e-11 -1.31438e-05 -4.42093e-11 
      -3.609    -0.259936     0.260268 -2.52085e-10    9.759e-06     -3.24937      3.27948   -0.0375394    0.0375582    0.0282404    0.0009058  -0.00217181 -1.33952e-06  3.25508e-13 -7.99001e-06 -3.17126e-11 
    -0.16827    -0.021107    0.0211507  1.06651e-11  1.10212e-06    -0.147387     0.150852   0.00729925  -0.00729747    0.0009058   0.00893876 -0.000166554  5.70693e-07  1.47366e-11 -7.58283e-07  3.59413e-13 
    0.381873    0.0244666   -0.0245094  1.93161e-11 -1.11504e-06     0.346478     -0.35004   0.00360295  -0.00360659  -0.00217181 -0.000166554  0.000674476  4.42329e-07  6.48083e-13  3.19601e-06 -1.17326e-11 
 0.000238956  1.32975e-05 -1.33257e-05  2.46098e-14 -6.89377e-10  0.000217499 -0.000219841  3.34212e-06 -3.34411e-06 -1.33952e-06  5.70693e-07  4.42329e-07  1.31218e-08 -1.69411e-14  2.68877e-09  -1.2824e-14 
-8.09715e-12 -3.51852e-11  3.52619e-11  1.90418e-20  1.75782e-16  1.25708e-11 -5.94128e-12  2.80161e-11 -2.80203e-11  3.25508e-13  1.47366e-11  6.48083e-13 -1.69411e-14  6.36286e-16  2.50621e-15 -1.94466e-21 
   0.0014467  9.00851e-05 -9.02481e-05  8.85004e-14 -4.12647e-09   0.00131596  -0.00132935  1.31289e-05 -1.31438e-05 -7.99001e-06 -7.58283e-07  3.19601e-06  2.68877e-09  2.50621e-15  2.48896e-08  -5.2416e-14 
 6.52631e-09   3.1406e-10 -3.14619e-10  2.47812e-19 -1.68751e-14  6.07495e-09 -6.12049e-09  4.41674e-11 -4.42093e-11 -3.17126e-11  3.59413e-13 -1.17326e-11  -1.2824e-14 -1.94466e-21  -5.2416e-14  1.51227e-15 

 Covariant Matrix for [0,6] 
     1245.51      22.8023     -24.4366      9.26906     -9.76469      531.012     -712.776            0            0     -2.80125     0.239395      0.59515  0.000126809  0.000607025    0.0020021  1.60005e-07 
     22.8023       48.385     -19.2941     0.319879    -0.297904      19.3417     -11.3118            0            0    -0.123151  -0.00329782    0.0179804  1.03371e-05 -2.30631e-05   5.3391e-05  4.21853e-09 
    -24.4366     -19.2941       53.105    -0.297085     0.233441     -17.9347     -5.36097            0            0     0.123366   0.00332275   -0.0180441 -1.03894e-05  2.31913e-05 -5.36124e-05 -4.22037e-09 
     9.26906     0.319879    -0.297085      11.7313     -5.94753      8.05856     -5.55235            0            0    -0.045262    0.0156288   0.00954627 -5.39794e-06  5.15535e-05  3.27847e-05   1.4627e-09 
    -9.76469    -0.297904     0.233441     -5.94753      16.2028     -7.63566     0.519734            0            0    0.0453364   -0.0156255  -0.00956831  5.38367e-06 -5.15296e-05 -3.28614e-05 -1.46335e-09 
     531.012      19.3417     -17.9347      8.05856     -7.63566      1097.02     -661.704            0            0     -2.56966     0.231478     0.552059  0.000110026   0.00060502   0.00186333  1.53585e-07 
    -712.776     -11.3118     -5.36097     -5.55235     0.519734     -661.704       2583.4            0            0      2.59963    -0.229188    -0.559573  -0.00011586 -0.000591671  -0.00188883 -1.53951e-07 
           0            0            0            0            0            0            0            0            0            0            0            0            0            0            0            0 
           0            0            0            0            0            0            0            0            0            0            0            0            0            0            0            0 
    -2.80125    -0.123151     0.123366    -0.045262    0.0453364     -2.56966      2.59963            0            0    0.0165402 -0.000988789   -0.0020498 -3.53685e-07 -2.56633e-06 -6.65736e-06 -4.44149e-10 
    0.239395  -0.00329782   0.00332275    0.0156288   -0.0156255     0.231478    -0.229188            0            0 -0.000988789   0.00881394  0.000229932 -2.46513e-06   1.5903e-05  6.87587e-07  7.22574e-11 
     0.59515    0.0179804   -0.0180441   0.00954627  -0.00956831     0.552059    -0.559573            0            0   -0.0020498  0.000229932   0.00105641  2.64515e-07  9.60478e-07  4.41722e-06 -5.11719e-10 
 0.000126809  1.03371e-05 -1.03894e-05 -5.39794e-06  5.38367e-06  0.000110026  -0.00011586            0            0 -3.53685e-07 -2.46513e-06  2.64515e-07  1.60072e-08 -2.50291e-08  1.60468e-09 -3.00142e-13 
 0.000607025 -2.30631e-05  2.31913e-05  5.15535e-05 -5.15296e-05   0.00060502 -0.000591671            0            0 -2.56633e-06   1.5903e-05  9.60478e-07 -2.50291e-08  1.22161e-07  2.90759e-09 -4.04988e-14 
   0.0020021   5.3391e-05 -5.36124e-05  3.27847e-05 -3.28614e-05   0.00186333  -0.00188883            0            0 -6.65736e-06  6.87587e-07  4.41722e-06  1.60468e-09  2.90759e-09  2.64656e-08 -1.80624e-12 
 1.60005e-07  4.21853e-09 -4.22037e-09   1.4627e-09 -1.46335e-09  1.53585e-07 -1.53951e-07            0            0 -4.44149e-10  7.22574e-11 -5.11719e-10 -3.00142e-13 -4.04988e-14 -1.80624e-12  1.84399e-12 

 Covariant Matrix for [0,7] 
      630.27      2.31138     -4.25531     0.837998     -1.88917      78.4426     -228.314  -1.2297e-07   -0.0649463  7.37006e-06   -0.0555104     0.223642  0.000228981 -2.31716e-09  0.000798632   6.2916e-09 
     2.31138      43.7915     -17.6724   -0.0166904    0.0712945     0.464077      7.32704  1.10929e-08   0.00337496  3.77162e-07  -0.00102747    0.0040914  1.31386e-07  3.39261e-10  8.58902e-06  1.31789e-10 
    -4.25531     -17.6724      54.3057    0.0766423    -0.245159       1.1883      -25.232 -2.94181e-08   -0.0104163  -3.7898e-07  0.000963284  -0.00417283 -2.83183e-07 -3.51881e-10 -8.89528e-06 -1.35811e-10 
    0.837998   -0.0166904    0.0766423      27.5591     -10.4764    -0.212026      4.83648  8.92289e-09   0.00200353  2.18255e-07  -0.00659499  0.000405405 -9.39206e-06  -3.3214e-11 -5.55352e-06  6.71674e-11 
    -1.88917    0.0712945    -0.245159     -10.4764       30.355      1.10522     -14.5167 -1.88726e-08  -0.00581049 -2.19219e-07   0.00655296 -0.000450382  9.30314e-06  2.54562e-11  5.38171e-06 -7.04656e-11 
     78.4426     0.464077       1.1883    -0.212026      1.10522      536.236     -211.131  1.85564e-07    0.0552265  6.46349e-06   -0.0581306     0.206837  0.000215454 -4.65087e-09  0.000750049  6.05963e-09 
    -228.314      7.32704      -25.232      4.83648     -14.5167     -211.131      1680.39 -1.59906e-06    -0.598336 -6.61549e-06    0.0531161    -0.212859 -0.000226604  3.65941e-09 -0.000772344 -6.08786e-09 
 -1.2297e-07  1.10929e-08 -2.94181e-08  8.92289e-09 -1.88726e-08  1.85564e-07 -1.59906e-06  1.07464e-07  2.07263e-06 -2.91239e-14 -1.79757e-09  1.12447e-11 -1.89985e-12 -6.23629e-17 -1.62705e-12  -1.4862e-18 
  -0.0649463   0.00337496   -0.0104163   0.00200353  -0.00581049    0.0552265    -0.598336  2.07263e-06     0.795916 -6.85914e-11 -2.18975e-06  -2.6715e-06 -4.93214e-09 -4.28953e-13 -9.91018e-09  5.10179e-15 
 7.37006e-06  3.77162e-07  -3.7898e-07  2.18255e-07 -2.19219e-07  6.46349e-06 -6.61549e-06 -2.91239e-14 -6.85914e-11  3.90893e-09 -2.80911e-09  5.82885e-09  5.39628e-12 -2.38047e-16  1.92436e-11  1.23239e-16 
  -0.0555104  -0.00102747  0.000963284  -0.00659499   0.00655296   -0.0581306    0.0531161 -1.79757e-09 -2.18975e-06 -2.80911e-09    0.0085066 -0.000120027  6.01887e-07  7.08045e-10 -5.08045e-07 -6.26186e-13 
    0.223642    0.0040914  -0.00417283  0.000405405 -0.000450382     0.206837    -0.212859  1.12447e-11  -2.6715e-06  5.82885e-09 -0.000120027  0.000783801  8.73277e-07  1.71244e-11  3.54101e-06 -2.73588e-11 
 0.000228981  1.31386e-07 -2.83183e-07 -9.39206e-06  9.30314e-06  0.000215454 -0.000226604 -1.89985e-12 -4.93214e-09  5.39628e-12  6.01887e-07  8.73277e-07  1.42767e-08 -1.02791e-12  5.04136e-09 -4.06926e-14 
-2.31716e-09  3.39261e-10 -3.51881e-10  -3.3214e-11  2.54562e-11 -4.65087e-09  3.65941e-09 -6.23629e-17 -4.28953e-13 -2.38047e-16  7.08045e-10  1.71244e-11 -1.02791e-12  8.84693e-13 -4.97853e-14  1.91658e-19 
 0.000798632  8.58902e-06 -8.89528e-06 -5.55352e-06  5.38171e-06  0.000750049 -0.000772344 -1.62705e-12 -9.91018e-09  1.92436e-11 -5.08045e-07  3.54101e-06  5.04136e-09 -4.97853e-14  2.55278e-08 -1.04873e-13 
  6.2916e-09  1.31789e-10 -1.35811e-10  6.71674e-11 -7.04656e-11  6.05963e-09 -6.08786e-09  -1.4862e-18  5.10179e-15  1.23239e-16 -6.26186e-13 -2.73588e-11 -4.06926e-14  1.91658e-19 -1.04873e-13  3.60778e-12 

 Covariant Matrix for [0,8] 
     1968.44      42.0897     -42.7392      15.6443     -16.6453      1688.72     -1724.08            0            0     -13.1242     -4.49821     -11.6676   -0.0178922 -1.82018e-09   -0.0426405 -1.34374e-05 
     42.0897      4.57178      -3.6121     0.369472    -0.360491      40.6985      -39.016            0            0    -0.311894    -0.106284    -0.284984 -0.000437994   1.3148e-10  -0.00103774 -3.28982e-07 
    -42.7392      -3.6121       24.053    -0.351022     0.224081     -39.7179       29.044            0            0     0.310454     0.105832     0.283612  0.000435879 -1.28128e-10   0.00103278  3.27383e-07 
     15.6443     0.369472    -0.351022       5.0266      -2.7313      14.9923     -13.6595            0            0    -0.129243   -0.0323105   -0.0956018 -0.000143453  6.26697e-11 -0.000356624 -1.11649e-07 
    -16.6453    -0.360491     0.224081      -2.7313      20.9198     -14.5328      5.20423            0            0     0.130958    0.0330659    0.0973724  0.000146206 -6.06341e-11   0.00036301  1.13662e-07 
     1688.72      40.6985     -39.7179      14.9923     -14.5328      1864.77      -1678.5            0            0     -12.7484     -4.37689     -11.3438   -0.0173971 -1.88221e-09    -0.041454  -1.3063e-05 
    -1724.08      -39.016       29.044     -13.6595      5.20423      -1678.5      2390.41            0            0      12.5794      4.32125      11.1942     0.017168  1.92155e-09    0.0409071  1.28903e-05 
           0            0            0            0            0            0            0            0            0            0            0            0            0            0            0            0 
           0            0            0            0            0            0            0            0            0            0            0            0            0            0            0            0 
    -13.1242    -0.311894     0.310454    -0.129243     0.130958     -12.7484      12.5794            0            0     0.113049    0.0311724     0.079136  0.000122153  3.50484e-11   0.00029023  9.23991e-08 
    -4.49821    -0.106284     0.105832   -0.0323105    0.0330659     -4.37689      4.32125            0            0    0.0311724    0.0309737    0.0290033  4.61867e-05  1.41587e-10  0.000105321  3.38891e-08 
    -11.6676    -0.284984     0.283612   -0.0956018    0.0973724     -11.3438      11.1942            0            0     0.079136    0.0290033     0.093956  0.000141966  3.15019e-11  0.000341828   1.0298e-07 
  -0.0178922 -0.000437994  0.000435879 -0.000143453  0.000146206   -0.0173971     0.017168            0            0  0.000122153  4.61867e-05  0.000141966  2.39175e-07 -1.50208e-13  5.17633e-07  1.56499e-10 
-1.82018e-09   1.3148e-10 -1.28128e-10  6.26697e-11 -6.06341e-11 -1.88221e-09  1.92155e-09            0            0  3.50484e-11  1.41587e-10  3.15019e-11 -1.50208e-13  8.04039e-14   1.0355e-13  2.04451e-17 
  -0.0426405  -0.00103774   0.00103278 -0.000356624   0.00036301    -0.041454    0.0409071            0            0   0.00029023  0.000105321  0.000341828  5.17633e-07   1.0355e-13  1.26081e-06  3.74193e-10 
-1.34374e-05 -3.28982e-07  3.27383e-07 -1.11649e-07  1.13662e-07  -1.3063e-05  1.28903e-05            0            0  9.23991e-08  3.38891e-08   1.0298e-07  1.56499e-10  2.04451e-17  3.74193e-10  1.14886e-13 

 Covariant Matrix for [0,9] 
     718.815      12.0337     -14.0315      4.43595     -5.95967      313.206     -408.491            0            0     -2.91386    -0.167835     0.642228  0.000507435  8.24248e-10   0.00247643 -1.83019e-08 
     12.0337      25.4415     -9.43475     0.149405   -0.0881287      10.3279     -6.49208            0            0    -0.114655   -0.0102629    0.0181976  2.34496e-06  5.41877e-11  6.35069e-05 -4.23846e-10 
    -14.0315     -9.43475      44.0821    -0.123134    -0.177728     -8.51358     -10.3139            0            0     0.114901    0.0102186   -0.0182346 -2.45353e-06 -5.40156e-11 -6.35845e-05  4.22947e-10 
     4.43595     0.149405    -0.123134      5.35782     -3.00278      3.85234     -2.60509            0            0   -0.0405122   0.00130064   0.00739658  7.87573e-06 -2.32219e-10  2.34175e-05 -9.57959e-11 
    -5.95967   -0.0881287    -0.177728     -3.00278      29.4588     -2.47658     -10.1724            0            0    0.0407476  -0.00132411  -0.00742998 -7.94913e-06  2.32414e-10 -2.34973e-05  9.53527e-11 
     313.206      10.3279     -8.51358      3.85234     -2.47658      648.588     -391.648            0            0     -2.72778    -0.162512      0.61256  0.000487552  1.02113e-09   0.00238106 -1.78886e-08 
    -408.491     -6.49208     -10.3139     -2.60509     -10.1724     -391.648      1260.03            0            0      2.74213     0.160735     -0.61441 -0.000492111  -1.0119e-09   -0.0023847  1.78349e-08 
           0            0            0            0            0            0            0            0            0            0            0            0            0            0            0            0 
           0            0            0            0            0            0            0            0            0            0            0            0            0            0            0            0 
    -2.91386    -0.114655     0.114901   -0.0405122    0.0407476     -2.72778      2.74213            0            0    0.0305276   0.00111713  -0.00403015 -3.25233e-06  1.16644e-11 -1.49795e-05  8.70475e-11 
   -0.167835   -0.0102629    0.0102186   0.00130064  -0.00132411    -0.162512     0.160735            0            0   0.00111713     0.010588  -0.00053931  9.55955e-07 -3.55116e-10 -2.76105e-06 -1.97566e-11 
    0.642228    0.0181976   -0.0182346   0.00739658  -0.00742998      0.61256     -0.61441            0            0  -0.00403015  -0.00053931   0.00225398  1.84004e-06  -6.5798e-11  1.08358e-05  1.34756e-10 
 0.000507435  2.34496e-06 -2.45353e-06  7.87573e-06 -7.94913e-06  0.000487552 -0.000492111            0            0 -3.25233e-06  9.55955e-07  1.84004e-06  2.75239e-08  6.76476e-13  9.91593e-09  1.94132e-13 
 8.24248e-10  5.41877e-11 -5.40156e-11 -2.32219e-10  2.32414e-10  1.02113e-09  -1.0119e-09            0            0  1.16644e-11 -3.55116e-10  -6.5798e-11  6.76476e-13  5.81198e-13 -3.31441e-13 -5.37843e-18 
  0.00247643  6.35069e-05 -6.35845e-05  2.34175e-05 -2.34973e-05   0.00238106   -0.0023847            0            0 -1.49795e-05 -2.76105e-06  1.08358e-05  9.91593e-09 -3.31441e-13  7.29387e-08  5.82191e-13 
-1.83019e-08 -4.23846e-10  4.22947e-10 -9.57959e-11  9.53527e-11 -1.78886e-08  1.78349e-08            0            0  8.70475e-11 -1.97566e-11  1.34756e-10  1.94132e-13 -5.37843e-18  5.82191e-13  1.47471e-13 

 Covariant Matrix for [0,10] 
     548.391      11.2949     -14.2538      12.1068     -13.0493      271.179     -331.876  2.29416e-06   -0.0482026     -4.01977    0.0188365     0.418169 -3.01764e-05    0.0017307   0.00197034 -3.00013e-08 
     11.2949      11.4079     -5.53782     0.448152    -0.411761      10.1726     -7.83167  8.28893e-08   0.00184288    -0.157998    0.0102062    0.0147106  1.59722e-07  6.86437e-05  6.47679e-05 -7.09514e-10 
    -14.2538     -5.53782       100.67    -0.323599    -0.378181        -7.32     -37.8478 -2.08935e-08   -0.0357091     0.157228   -0.0104081   -0.0146292 -1.28438e-07 -6.85804e-05 -6.43708e-05  7.02481e-10 
     12.1068     0.448152    -0.323599      9.20968     -6.15643      10.9073     -8.34658   8.6302e-08   0.00201648    -0.163181    -0.004327    0.0191876 -3.96865e-06  7.99978e-05  9.46473e-05 -1.33874e-09 
    -13.0493    -0.411761    -0.378181     -6.15643      36.9554     -9.99574     -6.22935 -6.65583e-08   -0.0128219     0.162909   0.00423806   -0.0191627  3.98776e-06 -8.00254e-05 -9.45307e-05  1.33672e-09 
     271.179      10.1726        -7.32      10.9073     -9.99574      490.723     -316.139  1.96422e-06    0.0461768     -3.72993   0.00383164      0.38766 -2.50579e-05   0.00158396   0.00182764 -2.82541e-08 
    -331.876     -7.83167     -37.8478     -8.34658     -6.22935     -316.139       1376.4  -6.9394e-07    -0.741626      3.71316  -0.00818195    -0.385911  2.57204e-05  -0.00158262  -0.00181912  2.81093e-08 
 2.29416e-06  8.28893e-08 -2.08935e-08   8.6302e-08 -6.65583e-08  1.96422e-06  -6.9394e-07  1.01084e-07 -1.65039e-06 -3.25829e-08 -4.55226e-10  2.38624e-09 -1.97043e-12   9.6619e-12  1.25354e-11 -1.37604e-16 
  -0.0482026   0.00184288   -0.0357091   0.00201648   -0.0128219    0.0461768    -0.741626 -1.65039e-06     0.910141 -1.02617e-05 -3.37369e-06  1.13464e-06  5.18281e-10  2.19427e-10  5.60534e-09 -1.07323e-13 
    -4.01977    -0.157998     0.157228    -0.163181     0.162909     -3.72993      3.71316 -3.25829e-08 -1.02617e-05    0.0590207  0.000246579  -0.00435473 -2.59788e-07 -1.52732e-05 -1.99337e-05  2.70864e-10 
   0.0188365    0.0102062   -0.0104081    -0.004327   0.00423806   0.00383164  -0.00818195 -4.55226e-10 -3.37369e-06  0.000246579    0.0221243  0.000618553 -4.15321e-06  2.36227e-05  3.65845e-06  1.20257e-10 
    0.418169    0.0147106   -0.0146292    0.0191876   -0.0191627      0.38766    -0.385911  2.38624e-09  1.13464e-06  -0.00435473  0.000618553   0.00144667 -6.07695e-07   7.0862e-06  8.26856e-06  1.48629e-10 
-3.01764e-05  1.59722e-07 -1.28438e-07 -3.96865e-06  3.98776e-06 -2.50579e-05  2.57204e-05 -1.97043e-12  5.18281e-10 -2.59788e-07 -4.15321e-06 -6.07695e-07  2.86862e-08 -2.76396e-08  -3.6839e-09  8.88174e-14 
   0.0017307  6.86437e-05 -6.85804e-05  7.99978e-05 -8.00254e-05   0.00158396  -0.00158262   9.6619e-12  2.19427e-10 -1.52732e-05  2.36227e-05   7.0862e-06 -2.76396e-08  1.35022e-07  4.23018e-08  6.29233e-13 
  0.00197034  6.47679e-05 -6.43708e-05  9.46473e-05 -9.45307e-05   0.00182764  -0.00181912  1.25354e-11  5.60534e-09 -1.99337e-05  3.65845e-06  8.26856e-06  -3.6839e-09  4.23018e-08  6.60654e-08  7.92382e-13 
-3.00013e-08 -7.09514e-10  7.02481e-10 -1.33874e-09  1.33672e-09 -2.82541e-08  2.81093e-08 -1.37604e-16 -1.07323e-13  2.70864e-10  1.20257e-10  1.48629e-10  8.88174e-14  6.29233e-13  7.92382e-13  2.83368e-13 

 Covariant Matrix for [0,11] 
     1863.67      94.3465     -97.7602      137.547     -137.828      1383.89      -1443.1  0.000224034   -0.0897666     -5.68855      3.62986       2.2119  2.04493e-05    0.0048808    0.0075851  4.44148e-07 
     94.3465       25.463     -14.4201      7.94617     -7.82957      80.0882     -76.0189   1.3079e-05   0.00102794    -0.335179     0.232891     0.124931  1.93807e-06  0.000302108  0.000414505  2.50181e-08 
    -97.7602     -14.4201      91.3152     -7.53035       6.8438     -75.7838      39.3527 -1.28059e-05   -0.0280387     0.332172    -0.231076    -0.123924 -1.88167e-06 -0.000300012 -0.000411508 -2.48383e-08 
     137.547      7.94617     -7.53035      36.6776     -24.4096      116.708     -110.999  1.95627e-05   0.00124947    -0.486868     0.240054     0.184139  2.03755e-05  0.000274704  0.000616633  3.47014e-08 
    -137.828     -7.82957       6.8438     -24.4096      45.2121     -115.012      100.635  -1.9398e-05  -0.00850071     0.483791    -0.238485    -0.183049 -2.02897e-05 -0.000272984 -0.000613131 -3.44984e-08 
     1383.89      80.0882     -75.7838      116.708     -115.012      1398.48     -1249.84   0.00019133    0.0147286     -4.87727      3.14475      1.90566  1.33281e-06   0.00427966   0.00655727  3.85226e-07 
     -1443.1     -76.0189      39.3527     -110.999      100.635     -1249.84      1902.27  -0.00018819    -0.425172      4.85826     -3.14149     -1.89895    2.139e-07  -0.00427919  -0.00653723 -3.83872e-07 
 0.000224034   1.3079e-05 -1.28059e-05  1.95627e-05  -1.9398e-05   0.00019133  -0.00018819  7.87294e-08 -1.00765e-05 -7.99178e-07  3.66201e-07  2.91937e-07  4.20202e-11  3.78659e-10  9.17656e-10  5.45518e-14 
  -0.0897666   0.00102794   -0.0280387   0.00124947  -0.00850071    0.0147286    -0.425172 -1.00765e-05      1.76948  0.000128237 -7.09831e-05 -4.79155e-05 -4.19521e-09 -8.39548e-08 -1.55987e-07 -8.99848e-12 
    -5.68855    -0.335179     0.332172    -0.486868     0.483791     -4.87727      4.85826 -7.99178e-07  0.000128237    0.0204284   -0.0133296  -0.00741344  1.11837e-08 -1.69166e-05 -2.52713e-05 -1.43101e-09 
     3.62986     0.232891    -0.231076     0.240054    -0.238485      3.14475     -3.14149  3.66201e-07 -7.09831e-05   -0.0133296    0.0391035   0.00477493 -4.31569e-06  4.21476e-05  1.62517e-05  7.26464e-10 
      2.2119     0.124931    -0.123924     0.184139    -0.183049      1.90566     -1.89895  2.91937e-07 -4.79155e-05  -0.00741344   0.00477493   0.00384951  8.46158e-09  7.76637e-06  1.48093e-05  1.00737e-10 
 2.04493e-05  1.93807e-06 -1.88167e-06  2.03755e-05 -2.02897e-05  1.33281e-06    2.139e-07  4.20202e-11 -4.19521e-09  1.11837e-08 -4.31569e-06  8.46158e-09  3.52864e-08 -3.09744e-08  5.77582e-11 -1.37662e-13 
