 Covariant Matrix for [0,0] 
      536057       256680      -282534            0            0       181211      -191621        11438     -11953.6      46712.3      3001.02      31679.3   -0.0358462      2002.55      74.9708      982.711    -0.379824     -29.5829 -3.18057e-05   0.00481277 
      256680       135388      -144616            0            0      84935.9       -89640      5594.59     -5827.14      22840.6      1398.99      16457.6   -0.0169608      978.964      34.9407      510.351    -0.191351      -14.458 -1.44845e-05   0.00249914 
     -282534      -144616       159971            0            0     -92876.2      98020.8     -6140.97      6395.25     -25165.2     -1529.53     -17891.7    0.0187813     -1078.65     -38.2044     -554.857     0.209147      15.9313  1.58594e-05  -0.00271715 
           0            0            0            0            0            0            0            0            0            0            0            0            0            0            0            0            0            0            0            0 
           0            0            0            0            0            0            0            0            0            0            0            0            0            0            0            0            0            0            0            0 
      181211      84935.9     -92876.2            0            0      80418.1     -73020.6      3884.04     -4041.98      16223.3      1167.27      10449.4   -0.0129398      695.615      29.1618      324.262    -0.129462     -10.2783 -1.27465e-05   0.00158821 
     -191621       -89640      98020.8            0            0     -73020.6      77432.5     -4104.08      4270.77     -17159.2     -1219.42     -11027.9    0.0136715      -735.75     -30.4657     -342.217      0.13663      10.8714  1.32946e-05  -0.00167616 
       11438      5594.59     -6140.97            0            0      3884.04     -4104.08      557.326     -415.866      1034.87      64.1915      690.132 -0.000768928      44.3576      1.60344      21.4071  -0.00837628    -0.655168 -6.74095e-07  0.000104814 
    -11953.6     -5827.14      6395.25            0            0     -4041.98      4270.77     -415.866      479.701     -1081.21     -66.7876     -718.729  0.000805258     -46.3447     -1.66835     -22.2946   0.00873098     0.684536  7.01427e-07 -0.000109162 
     46712.3      22840.6     -25165.2            0            0      16223.3     -17159.2      1034.87     -1081.21      4312.87      268.702       2817.8  -0.00332879      185.182      6.71457      87.4242   -0.0336833     -2.74222 -2.86705e-06  0.000428278 
     3001.02      1398.99     -1529.53            0            0      1167.27     -1219.42      64.1915     -66.7876      268.702      28.0191      172.262 -0.000201712      11.5199     0.705065      5.34438  -0.00213175    -0.170198 -1.06107e-06  2.61681e-05 
     31679.3      16457.6     -17891.7            0            0      10449.4     -11027.9      690.132     -718.729       2817.8      172.262      2125.99   -0.0019527      120.754      4.30047       65.899   -0.0235772     -1.78313 -1.77083e-06   0.00033119 
  -0.0358462   -0.0169608    0.0187813            0            0   -0.0129398    0.0136715 -0.000768928  0.000805258  -0.00332879 -0.000201712   -0.0019527  1.28887e-08 -0.000144145  -5.1834e-06 -6.16732e-05  2.63232e-08  2.14931e-06  3.06833e-12  -3.0962e-10 
     2002.55      978.964     -1078.65            0            0      695.615      -735.75      44.3576     -46.3447      185.182      11.5199      120.754 -0.000144145       7.9553     0.287889      3.74664  -0.00144364    -0.117875 -1.23058e-07  1.83553e-05 
     74.9708      34.9407     -38.2044            0            0      29.1618     -30.4657      1.60344     -1.66835      6.71457     0.705065      4.30047  -5.1834e-06     0.287889    0.0185708     0.133436 -5.32485e-05  -0.00425364 -4.74712e-08   6.5346e-07 
     982.711      510.351     -554.857            0            0      324.262     -342.217      21.4071     -22.2946      87.4242      5.34438       65.899 -6.16732e-05      3.74664     0.133436      2.04686 -0.000731344   -0.0553274  -5.5042e-08  1.05588e-05 
   -0.379824    -0.191351     0.209147            0            0    -0.129462      0.13663  -0.00837628   0.00873098   -0.0336833  -0.00213175   -0.0235772  2.63232e-08  -0.00144364 -5.32485e-05 -0.000731344    2.917e-07  2.13184e-05  2.21104e-11 -3.57996e-09 
    -29.5829      -14.458      15.9313            0            0     -10.2783      10.8714    -0.655168     0.684536     -2.74222    -0.170198     -1.78313  2.14931e-06    -0.117875  -0.00425364   -0.0553274  2.13184e-05   0.00174813  1.82015e-09 -2.71072e-07 
-3.18057e-05 -1.44845e-05  1.58594e-05            0            0 -1.27465e-05  1.32946e-05 -6.74095e-07  7.01427e-07 -2.86705e-06 -1.06107e-06 -1.77083e-06  3.06833e-12 -1.23058e-07 -4.74712e-08  -5.5042e-08  2.21104e-11  1.82015e-09  9.17651e-13 -2.70226e-13 
  0.00481277   0.00249914  -0.00271715            0            0   0.00158821  -0.00167616  0.000104814 -0.000109162  0.000428278  2.61681e-05   0.00033119  -3.0962e-10  1.83553e-05   6.5346e-07  1.05588e-05 -3.57996e-09 -2.71072e-07 -2.70226e-13  1.05454e-10 

 Covariant Matrix for [0,1] 
     27603.1      6173.81     -7504.88            0            0      4652.78     -4893.19      82.8847     -87.9711      184.982      86.5156      295.388 -0.000195775      4.53836      2.11939      7.29959   -0.0093091  5.47535e-05  2.70507e-06 -0.000840057 
     6173.81      11372.9     -7576.94            0            0     -813.576      892.069       16.183     -14.4851      77.0783     -17.8001      393.109  -0.00020598      1.89337    -0.434935      9.70158  -0.00749078  1.80774e-05 -7.09732e-07  -0.00113599 
    -7504.88     -7576.94      10023.4            0            0       1574.3     -1698.59     -13.5933      10.9109      -95.313      32.4063     -370.242  0.000199723     -2.34022     0.792664     -9.13862   0.00758825 -2.45526e-05    1.195e-06   0.00106792 
           0            0            0            0            0            0            0            0            0            0            0            0            0            0            0            0            0            0            0            0 
           0            0            0            0            0            0            0            0            0            0            0            0            0            0            0            0            0            0            0            0 
     4652.78     -813.576       1574.3            0            0      17365.2     -7145.64     -4.28171       7.2362      62.5402      139.441     -44.4342  2.68835e-06      1.53273      3.41455     -1.09076  -0.00153522  2.04971e-05   4.5821e-06  0.000137344 
    -4893.19      892.069     -1698.59            0            0     -7145.64      7565.83      4.74904     -7.88104     -65.8339     -136.578      48.4632 -3.82136e-06     -1.61345     -3.34444      1.18995   0.00155311 -2.16668e-05 -4.48702e-06 -0.000149337 
     82.8847       16.183     -13.5933            0            0     -4.28171      4.74904      188.996     -77.0292        2.164     -0.10293     0.659032 -7.67078e-06    0.0536463  -0.00247181    0.0168783 -5.36486e-05  8.36033e-07  -3.7826e-09 -1.97176e-06 
    -87.9711     -14.4851      10.9109            0            0       7.2362     -7.88104     -77.0292      89.0833     -2.23191      0.15965    -0.571935   7.6394e-06   -0.0553097   0.00386097   -0.0147336  5.40077e-05 -8.59925e-07  5.66761e-09  1.71225e-06 
     184.982      77.0783      -95.313            0            0      62.5402     -65.8339        2.164     -2.23191      8.91129      1.19011      3.93049  2.46866e-05     0.214221    0.0289701    0.0950873 -0.000106381  2.17345e-05  3.53732e-08 -1.03814e-05 
     86.5156     -17.8001      32.4063            0            0      139.441     -136.578     -0.10293      0.15965      1.19011      10.5015    -0.895323  6.99984e-06    0.0289644     0.244929   -0.0225035 -2.34127e-05    3.518e-07  1.39539e-06  2.95759e-06 
     295.388      393.109     -370.242            0            0     -44.4342      48.4632     0.659032    -0.571935      3.93049    -0.895323      47.5711  5.92196e-05    0.0945096   -0.0223462      1.12471 -0.000336388   5.1846e-07 -4.06358e-08 -0.000248773 
-0.000195775  -0.00020598  0.000199723            0            0  2.68835e-06 -3.82136e-06 -7.67078e-06   7.6394e-06  2.46866e-05  6.99984e-06  5.92196e-05  8.17192e-09  3.64822e-07  1.16075e-07  8.52871e-07  1.21704e-09 -4.45812e-11 -4.14041e-13  8.00303e-11 
     4.53836      1.89337     -2.34022            0            0      1.53273     -1.61345    0.0536463   -0.0553097     0.214221    0.0289644    0.0945096  3.64822e-07   0.00558173  0.000706658    0.0023034 -2.63798e-06  1.06374e-06  8.79283e-10 -2.56568e-07 
     2.11939    -0.434935     0.792664            0            0      3.41455     -3.34444  -0.00247181   0.00386097    0.0289701     0.244929   -0.0223462  1.16075e-07  0.000706658   0.00605077 -0.000557348 -5.80495e-07  8.91616e-09  6.43018e-08  7.19395e-08 
     7.29959      9.70158     -9.13862            0            0     -1.09076      1.18995    0.0168783   -0.0147336    0.0950873   -0.0225035      1.12471  8.52871e-07    0.0023034 -0.000557348    0.0277964 -8.40038e-06  1.60758e-08 -9.68411e-10  -9.3888e-06 
  -0.0093091  -0.00749078   0.00758825            0            0  -0.00153522   0.00155311 -5.36486e-05  5.40077e-05 -0.000106381 -2.34127e-05 -0.000336388  1.21704e-09 -2.63798e-06 -5.80495e-07 -8.40038e-06   1.8531e-08 -1.87019e-11 -5.32101e-13  9.56274e-10 
 5.47535e-05  1.80774e-05 -2.45526e-05            0            0  2.04971e-05 -2.16668e-05  8.36033e-07 -8.59925e-07  2.17345e-05    3.518e-07   5.1846e-07 -4.45812e-11  1.06374e-06  8.91616e-09  1.60758e-08 -1.87019e-11  1.69297e-09  1.49354e-14 -2.87043e-12 
 2.70507e-06 -7.09732e-07    1.195e-06            0            0   4.5821e-06 -4.48702e-06  -3.7826e-09  5.66761e-09  3.53732e-08  1.39539e-06 -4.06358e-08 -4.14041e-13  8.79283e-10  6.43018e-08 -9.68411e-10 -5.32101e-13  1.49354e-14  6.49192e-11  1.08801e-13 
-0.000840057  -0.00113599   0.00106792            0            0  0.000137344 -0.000149337 -1.97176e-06  1.71225e-06 -1.03814e-05  2.95759e-06 -0.000248773  8.00303e-11 -2.56568e-07  7.19395e-08  -9.3888e-06  9.56274e-10 -2.87043e-12  1.08801e-13  1.21174e-06 

 Covariant Matrix for [0,2] 
     29645.5      5588.02     -7556.77            0            0      6778.76     -6983.87      150.848     -158.536      345.562      130.787     0.329606 -0.000411301      11.3018      3.29475      2.81625   -0.0101352 -8.53584e-05    0.0001471  5.40717e-06 
     5588.02      9492.94     -5981.59            0            0      -180.88      202.279      36.3804     -35.6133      105.129      -5.5038     0.405517 -0.000459528      3.45025    -0.137324      3.42262  -0.00629928 -2.56738e-05 -9.90153e-06  5.22531e-06 
    -7556.77     -5981.59      9091.37            0            0        992.4      -1042.3     -38.3726      36.5527     -147.408      21.5988    -0.387441  0.000396195     -4.82847     0.543266     -3.27001   0.00674969   3.6152e-05  2.92858e-05 -5.18651e-06 
           0            0            0            0            0            0            0            0            0            0            0            0            0            0            0            0            0            0            0            0 
           0            0            0            0            0            0            0            0            0            0            0            0            0            0            0            0            0            0            0            0 
     6778.76      -180.88        992.4            0            0      18079.5     -8648.58      14.0576     -10.9448      141.455      171.397   -0.0375088 -8.47159e-05      4.62399       4.3175    -0.283245   -0.0027262 -3.51386e-05  0.000199371  2.29628e-07 
    -6983.87      202.279      -1042.3            0            0     -8648.58      8934.69     -14.2676      11.0454     -145.859     -169.826    0.0394042  7.82264e-05     -4.76757     -4.27787     0.299232   0.00277343  3.62306e-05 -0.000197476 -2.25512e-07 
     150.848      36.3804     -38.3726            0            0      14.0576     -14.2676      202.852     -95.7262      5.19155     0.244013   0.00170924 -7.21554e-06      0.17034   0.00616501    0.0154831 -0.000110004 -1.30168e-06   2.2443e-07  3.89572e-08 
    -158.536     -35.6133      36.5527            0            0     -10.9448      11.0454     -95.7262      109.586      -5.3579    -0.182262  -0.00164034  6.97725e-06    -0.175764  -0.00460775   -0.0149024  0.000111828  1.34293e-06 -1.50302e-07  -3.8822e-08 
     345.562      105.129     -147.408            0            0      141.455     -145.859      5.19155      -5.3579      20.9251       2.7634   0.00704245  3.50885e-05     0.696354    0.0693558    0.0553175 -0.000171812 -8.48993e-06  3.02438e-06  1.27378e-07 
     130.787      -5.5038      21.5988            0            0      171.397     -169.826     0.244013    -0.182262       2.7634      12.7508 -0.000747859  4.04336e-06      0.09006     0.328258  -0.00628366  -4.8172e-05 -6.80993e-07  6.71973e-05  6.05575e-09 
    0.329606     0.405517    -0.387441            0            0   -0.0375088    0.0394042   0.00170924  -0.00164034   0.00704245 -0.000747859  0.000334874  1.34492e-07  0.000223201  -1.9736e-05    0.0023675  -3.0095e-07 -1.55665e-09 -1.45001e-09 -1.12838e-08 
-0.000411301 -0.000459528  0.000396195            0            0 -8.47159e-05  7.82264e-05 -7.21554e-06  6.97725e-06  3.50885e-05  4.04336e-06  1.34492e-07  9.96409e-09  6.60732e-07  4.10552e-08  5.85073e-08  1.15572e-09  2.29582e-12 -2.02046e-11   6.1275e-12 
     11.3018      3.45025     -4.82847            0            0      4.62399     -4.76757      0.17034    -0.175764     0.696354      0.09006  0.000223201  6.60732e-07    0.0246208   0.00226327    0.0018016 -5.64746e-06 -3.90179e-07  9.97785e-08  3.85441e-09 
     3.29475    -0.137324     0.543266            0            0       4.3175     -4.27787   0.00616501  -0.00460775    0.0693558     0.328258  -1.9736e-05  4.10552e-08   0.00226327   0.00949762   -0.0001593 -1.21617e-06 -1.71589e-08  3.18229e-06  1.13365e-10 
     2.81625      3.42262     -3.27001            0            0    -0.283245     0.299232    0.0154831   -0.0149024    0.0553175  -0.00628366    0.0023675  5.85073e-08    0.0018016   -0.0001593    0.0186039 -2.70966e-06 -1.32938e-08 -9.53996e-09 -1.72499e-07 
  -0.0101352  -0.00629928   0.00674969            0            0   -0.0027262   0.00277343 -0.000110004  0.000111828 -0.000171812  -4.8172e-05  -3.0095e-07  1.15572e-09 -5.64746e-06 -1.21617e-06 -2.70966e-06  1.86219e-08  4.06762e-11 -4.58834e-11 -6.74222e-12 
-8.53584e-05 -2.56738e-05   3.6152e-05            0            0 -3.51386e-05  3.62306e-05 -1.30168e-06  1.34293e-06 -8.48993e-06 -6.80993e-07 -1.55665e-09  2.29582e-12 -3.90179e-07 -1.71589e-08 -1.32938e-08  4.06762e-11  1.47234e-11 -7.74507e-13 -2.36586e-14 
   0.0001471 -9.90153e-06  2.92858e-05            0            0  0.000199371 -0.000197476   2.2443e-07 -1.50302e-07  3.02438e-06  6.71973e-05 -1.45001e-09 -2.02046e-11  9.97785e-08  3.18229e-06 -9.53996e-09 -4.58834e-11 -7.74507e-13  3.34154e-09 -1.37275e-14 
 5.40717e-06  5.22531e-06 -5.18651e-06            0            0  2.29628e-07 -2.25512e-07  3.89572e-08  -3.8822e-08  1.27378e-07  6.05575e-09 -1.12838e-08   6.1275e-12  3.85441e-09  1.13365e-10 -1.72499e-07 -6.74222e-12 -2.36586e-14 -1.37275e-14  2.58971e-10 

 Covariant Matrix for [0,3] 
     56654.4      18563.7     -21546.6            0            0      7602.29     -7818.07          230     -237.836      330.634      78.7411      594.622   0.00034851      10.5638      1.95245      18.7259   -0.0124854   0.00710925 -6.05773e-06  0.000402617 
     18563.7      30142.7     -21832.3            0            0     -1925.11      2014.03       79.934     -76.5303      179.635     -21.9267      754.573  0.000325191       5.7334    -0.544128      23.7719   -0.0110877   0.00376796  3.92391e-07  0.000516417 
    -21546.6     -21832.3        26893            0            0      3289.76     -3423.06     -76.7051      71.6409     -211.219      36.3843     -711.778 -0.000339129     -6.74332     0.902723     -22.4208    0.0111945  -0.00446892 -1.28954e-06 -0.000486168 
           0            0            0            0            0            0            0            0            0            0            0            0            0            0            0            0            0            0            0            0 
           0            0            0            0            0            0            0            0            0            0            0            0            0            0            0            0            0            0            0            0 
     7602.29     -1925.11      3289.76            0            0      29021.6     -12359.4    -0.587929      4.29032      78.9151      131.813     -70.3729 -1.10743e-05      2.52559      3.26909     -2.21736  -0.00107956   0.00174212 -8.37461e-06 -5.03536e-05 
    -7818.07      2014.03     -3423.06            0            0     -12359.4      12756.4     0.822377     -4.64499     -81.2004     -130.682      73.4478   1.0023e-05     -2.59866     -3.24104      2.31444   0.00108721  -0.00179282  8.30421e-06  5.25268e-05 
         230       79.934     -76.7051            0            0    -0.587929     0.822377      365.744     -157.167      4.10524   -0.0179639      2.45197  4.18407e-06     0.131226 -0.000454777    0.0769503 -8.96529e-05  9.04753e-05   -7.254e-09   1.6023e-06 
    -237.836     -76.5303      71.6409            0            0      4.29032     -4.64499     -157.167      175.627     -4.18602    0.0571776     -2.33441 -4.21739e-06    -0.133809   0.00142746   -0.0732394  8.98613e-05 -9.22722e-05  4.84619e-09 -1.51929e-06 
     330.634      179.635     -211.219            0            0      78.9151     -81.2004      4.10524     -4.18602      9.86813     0.828986      5.97601  2.25244e-05     0.315148     0.020475     0.186118 -0.000112483   0.00039894 -6.76758e-08  3.91199e-06 
     78.7411     -21.9267      36.3843            0            0      131.813     -130.682   -0.0179639    0.0571776     0.828986      5.97542    -0.770755  1.95808e-06    0.0264332     0.138195   -0.0245135 -9.61238e-06  1.80888e-05  4.18057e-06 -5.65499e-07 
     594.622      754.573     -711.778            0            0     -70.3729      73.4478      2.45197     -2.33441      5.97601    -0.770755      49.5056   5.4689e-05     0.188673   -0.0193121      1.55319 -0.000336791  0.000120797  5.45211e-09  5.28431e-05 
  0.00034851  0.000325191 -0.000339129            0            0 -1.10743e-05   1.0023e-05  4.18407e-06 -4.21739e-06  2.25244e-05  1.95808e-06   5.4689e-05  4.30003e-09  5.18797e-07  3.05978e-08  1.25698e-06  1.89765e-10  2.30802e-12 -1.34476e-12   5.3259e-12 
     10.5638       5.7334     -6.74332            0            0      2.52559     -2.59866     0.131226    -0.133809     0.315148    0.0264332     0.188673  5.18797e-07    0.0106959  0.000653704   0.00589704   -3.609e-06   1.9028e-05 -2.10236e-09   1.2494e-07 
     1.95245    -0.544128     0.902723            0            0      3.26909     -3.24104 -0.000454777   0.00142746     0.020475     0.138195   -0.0193121  3.05978e-08  0.000653704   0.00344725 -0.000612203 -2.40203e-07  4.48802e-07  2.32218e-07 -1.40256e-08 
     18.7259      23.7719     -22.4208            0            0     -2.21736      2.31444    0.0769503   -0.0732394     0.186118   -0.0245135      1.55319  1.25698e-06   0.00589704 -0.000612203    0.0506363 -1.06518e-05  3.81146e-06  3.17155e-10  2.31898e-06 
  -0.0124854   -0.0110877    0.0111945            0            0  -0.00107956   0.00108721 -8.96529e-05  8.98613e-05 -0.000112483 -9.61238e-06 -0.000336791  1.89765e-10   -3.609e-06 -2.40203e-07 -1.06518e-05  1.12758e-08 -2.32689e-09  1.45589e-12 -2.26965e-10 
  0.00710925   0.00376796  -0.00446892            0            0   0.00174212  -0.00179282  9.04753e-05 -9.22722e-05   0.00039894  1.80888e-05  0.000120797  2.30802e-12   1.9028e-05  4.48802e-07  3.81146e-06 -2.32689e-09  1.12557e-07 -1.32569e-12  8.25351e-11 
-6.05773e-06  3.92391e-07 -1.28954e-06            0            0 -8.37461e-06  8.30421e-06   -7.254e-09  4.84619e-09 -6.76758e-08  4.18057e-06  5.45211e-09 -1.34476e-12 -2.10236e-09  2.32218e-07  3.17155e-10  1.45589e-12 -1.32569e-12  2.72895e-10   1.5563e-14 
 0.000402617  0.000516417 -0.000486168            0            0 -5.03536e-05  5.25268e-05   1.6023e-06 -1.51929e-06  3.91199e-06 -5.65499e-07  5.28431e-05   5.3259e-12   1.2494e-07 -1.40256e-08  2.31898e-06 -2.26965e-10  8.25351e-11   1.5563e-14  4.90372e-10 

 Covariant Matrix for [0,4] 
     52242.4      18001.2     -21257.7            0            0      7146.19     -7359.22      259.614      -284.19      504.612      91.3282      735.654  0.000282096      17.9592      2.28412      22.5556   -0.0111046 -0.000681985    3.489e-06 -0.000274202 
     18001.2      28218.7     -20921.9            0            0     -1619.69      1699.54       104.93     -95.8158      268.099     -22.9382      919.529  2.84334e-05      9.53617     -0.57569      28.2213  -0.00966575 -0.000358623 -1.30432e-06 -0.000345453 
    -21257.7     -20921.9      26220.2            0            0      2893.25     -3016.69     -104.913       90.784     -321.369       39.578     -865.772 -4.94977e-05     -11.4363     0.992494     -26.5702   0.00982521  0.000431905  2.02147e-06  0.000324904 
           0            0            0            0            0            0            0            0            0            0            0            0            0            0            0            0            0            0            0            0 
           0            0            0            0            0            0            0            0            0            0            0            0            0            0            0            0            0            0            0            0 
     7146.19     -1619.69      2893.25            0            0      25101.8     -11408.1      7.49147      2.09601      115.796      150.032     -72.4693  0.000215646      4.11499      3.75567     -2.24478 -0.000992554 -0.000157149  6.33685e-06  2.86413e-05 
    -7359.22      1699.54     -3016.69            0            0     -11408.1      11791.7     -7.48942      -2.4258     -119.281     -148.811      75.9721 -0.000216898     -4.23931     -3.72509      2.35235   0.00100288  0.000161944 -6.28434e-06 -2.99798e-05 
     259.614       104.93     -104.913            0            0      7.49147     -7.48942      311.173     -147.158      6.31976    0.0744701      4.01297 -7.17534e-06      0.22743   0.00189026     0.124052 -0.000104318 -8.83851e-06  5.55278e-10 -1.50921e-06 
     -284.19     -95.8158       90.784            0            0      2.09601      -2.4258     -147.158      201.142     -6.72106    0.0507771     -3.61266  7.02092e-06    -0.241745   0.00124689    -0.111757   0.00010558   9.3903e-06  4.82278e-09  1.35606e-06 
     504.612      268.099     -321.369            0            0      115.796     -119.281      6.31976     -6.72106      20.5325       1.4948      11.2204  2.35967e-05     0.768459    0.0372882     0.341916 -0.000154194 -4.07509e-05  5.58373e-08 -4.12111e-06 
     91.3282     -22.9382       39.578            0            0      150.032     -148.811    0.0744701    0.0507771       1.4948      8.02099    -0.992825  4.86614e-06    0.0529658     0.196844   -0.0309637 -1.10599e-05 -2.01431e-06  2.25161e-06  3.97995e-07 
     735.654      919.529     -865.772            0            0     -72.4693      75.9721      4.01297     -3.61266      11.2204    -0.992825      67.4634  4.53316e-05     0.395786   -0.0251454      2.05331 -0.000375253 -1.46887e-05 -6.04199e-08 -3.34226e-05 
 0.000282096  2.84334e-05 -4.94977e-05            0            0  0.000215646 -0.000216898 -7.17534e-06  7.02092e-06  2.35967e-05  4.86614e-06  4.53316e-05  3.86435e-09  5.44175e-07   1.0146e-07  9.73148e-07  3.01291e-10 -1.93005e-12 -2.56043e-13 -4.01653e-12 
     17.9592      9.53617     -11.4363            0            0      4.11499     -4.23931      0.22743    -0.241745     0.768459    0.0529658     0.395786  5.44175e-07    0.0305113   0.00132279    0.0120919 -5.49548e-06 -1.89034e-06  2.01384e-09 -1.46337e-07 
     2.28412     -0.57569     0.992494            0            0      3.75567     -3.72509   0.00189026   0.00124689    0.0372882     0.196844   -0.0251454   1.0146e-07   0.00132279   0.00536792 -0.000781876 -2.77439e-07 -5.04066e-08  1.10405e-07   1.0004e-08 
     22.5556      28.2213     -26.5702            0            0     -2.24478      2.35235     0.124052    -0.111757     0.341916   -0.0309637      2.05331  9.73148e-07    0.0120919 -0.000781876     0.063943 -1.15594e-05 -4.50734e-07 -1.82552e-09 -1.30592e-06 
  -0.0111046  -0.00966575   0.00982521            0            0 -0.000992554   0.00100288 -0.000104318   0.00010558 -0.000154194 -1.10599e-05 -0.000375253  3.01291e-10 -5.49548e-06 -2.77439e-07 -1.15594e-05  9.25253e-09  2.04327e-10 -1.98363e-13  1.40051e-10 
-0.000681985 -0.000358623  0.000431905            0            0 -0.000157149  0.000161944 -8.83851e-06   9.3903e-06 -4.07509e-05 -2.01431e-06 -1.46887e-05 -1.93005e-12 -1.89034e-06 -5.04066e-08 -4.50734e-07  2.04327e-10  1.71274e-10 -7.91966e-14  5.49333e-12 
   3.489e-06 -1.30432e-06  2.02147e-06            0            0  6.33685e-06 -6.28434e-06  5.55278e-10  4.82278e-09  5.58373e-08  2.25161e-06 -6.04199e-08 -2.56043e-13  2.01384e-09  1.10405e-07 -1.82552e-09 -1.98363e-13 -7.91966e-14  1.06873e-11  2.21367e-14 
-0.000274202 -0.000345453  0.000324904            0            0  2.86413e-05 -2.99798e-05 -1.50921e-06  1.35606e-06 -4.12111e-06  3.97995e-07 -3.34226e-05 -4.01653e-12 -1.46337e-07   1.0004e-08 -1.30592e-06  1.40051e-10  5.49333e-12  2.21367e-14  2.17014e-10 

 Covariant Matrix for [0,5] 
     37617.1      10892.6     -13293.2      24.0574    0.0634696      5317.68     -5573.04      49.2748   0.00198471      289.562      158.383      387.076 -0.000210163      9.32036      5.66995       12.001  -0.00859134  1.80496e-05     -0.06757  7.64098e-07 
     10892.6        20067     -13499.6      3.30022     0.008707     -1285.64      1396.98      4.75766  0.000191676      138.058     -46.0975      532.911  -0.00049148      4.46171     -1.67923      16.5457  -0.00725108  8.55202e-06     0.021119  1.07767e-06 
    -13293.2     -13499.6      17780.1     -1.77067  -0.00467205      2408.44     -2584.11     -1.17905 -4.75421e-05      -171.97      81.1408     -490.055  0.000486193     -5.55319      2.94165     -15.2191   0.00734143 -1.07285e-05   -0.0364299 -9.89553e-07 
     24.0574      3.30022     -1.77067      77.2454    0.0458096     -1.94035      2.09769     0.030713  1.23792e-06     0.588381   -0.0675316    0.0983487  1.89705e-07    0.0189523  -0.00247561    0.0030214 -8.31908e-06  3.72505e-08  3.13277e-05  1.60926e-10 
   0.0634696     0.008707  -0.00467205    0.0458096  0.000120852  -0.00511729   0.00553233  8.10832e-05   3.2665e-09   0.00155231 -0.000177988  0.000259387  5.00467e-10  5.00015e-05  -6.5233e-06  7.96861e-06 -2.19476e-08  9.82844e-11  8.25025e-08  4.24014e-13 
     5317.68     -1285.64      2408.44     -1.94035  -0.00511729      19428.8     -8988.23     -5.45665 -0.000219771      74.3578      281.716     -51.4661  0.000277973       2.3743      10.1315     -1.62462  -0.00111137  4.53598e-06    -0.122433 -1.19713e-07 
    -5573.04      1396.98     -2584.11      2.09769   0.00553233     -8988.23      9491.68      5.82734  0.000234709      -77.961     -278.933      55.8013 -0.000279145     -2.49022     -10.0312      1.75888   0.00112442  -4.7666e-06     0.121215  1.28667e-07 
     49.2748      4.75766     -1.17905     0.030713  8.10832e-05     -5.45665      5.82734      186.488   0.00152689      1.18656    -0.182158    0.0783653 -6.00867e-06    0.0390961  -0.00646131   0.00312539 -1.55087e-05  8.32917e-08  7.71225e-05  3.15693e-10 
  0.00198471  0.000191676 -4.75421e-05  1.23792e-06   3.2665e-09 -0.000219771  0.000234709   0.00152689   6.1499e-08  4.77936e-05  -7.3395e-06  3.16031e-06 -2.42009e-10  1.57476e-06 -2.60378e-07  1.26012e-07 -6.24669e-10  3.35525e-12  3.10904e-09  1.27421e-14 
     289.562      138.058      -171.97     0.588381   0.00155231      74.3578      -77.961      1.18656  4.77936e-05      13.4278      2.22926      5.08771  1.59282e-05     0.454361    0.0793744     0.155562 -9.99581e-05  2.09307e-06 -0.000938272  9.41524e-09 
     158.383     -46.0975      81.1408   -0.0675316 -0.000177988      281.716     -278.933    -0.182158  -7.3395e-06      2.22926      42.1191     -1.80744  8.68339e-06     0.071173      1.76246    -0.056931 -2.66475e-05   1.3636e-07   -0.0299133 -4.11747e-09 
     387.076      532.911     -490.055    0.0983487  0.000259387     -51.4661      55.8013    0.0783653  3.16031e-06      5.08771     -1.80744      47.9289  1.86408e-05     0.162136   -0.0666955       1.5009 -0.000239149  2.96148e-07  0.000853249  2.20892e-07 
-0.000210163  -0.00049148  0.000486193  1.89705e-07  5.00467e-10  0.000277973 -0.000279145 -6.00867e-06 -2.42009e-10  1.59282e-05  8.68339e-06  1.86408e-05  4.36997e-09    2.355e-07  1.94172e-07  6.76677e-08  6.99159e-10 -1.46266e-12 -4.50817e-12  -1.1787e-13 
     9.32036      4.46171     -5.55319    0.0189523  5.00015e-05       2.3743     -2.49022    0.0390961  1.57476e-06     0.454361     0.071173     0.162136    2.355e-07     0.016812   0.00254153   0.00498916 -3.24335e-06  1.10127e-07 -3.01905e-05  3.09695e-10 
     5.66995     -1.67923      2.94165  -0.00247561  -6.5233e-06      10.1315     -10.0312  -0.00646131 -2.60378e-07    0.0793744      1.76246   -0.0666955  1.94172e-07   0.00254153    0.0782514  -0.00208609 -9.35621e-07  4.92334e-09  -0.00142337 -1.47184e-10 
      12.001      16.5457     -15.2191    0.0030214  7.96861e-06     -1.62462      1.75888   0.00312539  1.26012e-07     0.155562    -0.056931       1.5009  6.76677e-08   0.00498916  -0.00208609    0.0495128 -7.48125e-06  9.33335e-09  2.63993e-05   1.1226e-08 
 -0.00859134  -0.00725108   0.00734143 -8.31908e-06 -2.19476e-08  -0.00111137   0.00112442 -1.55087e-05 -6.24669e-10 -9.99581e-05 -2.66475e-05 -0.000239149  6.99159e-10 -3.24335e-06 -9.35621e-07 -7.48125e-06  9.54155e-09 -6.01413e-12  1.03475e-08 -4.75862e-13 
 1.80496e-05  8.55202e-06 -1.07285e-05  3.72505e-08  9.82844e-11  4.53598e-06  -4.7666e-06  8.32917e-08  3.35525e-12  2.09307e-06   1.3636e-07  2.96148e-07 -1.46266e-12  1.10127e-07  4.92334e-09  9.33335e-09 -6.01413e-12  1.75037e-12 -5.95921e-11  6.33909e-16 
    -0.06757     0.021119   -0.0364299  3.13277e-05  8.25025e-08    -0.122433     0.121215  7.71225e-05  3.10904e-09 -0.000938272   -0.0299133  0.000853249 -4.50817e-12 -3.01905e-05  -0.00142337  2.63993e-05  1.03475e-08 -5.95921e-11  2.83477e-05  1.78717e-12 
 7.64098e-07  1.07767e-06 -9.89553e-07  1.60926e-10  4.24014e-13 -1.19713e-07  1.28667e-07  3.15693e-10  1.27421e-14  9.41524e-09 -4.11747e-09  2.20892e-07  -1.1787e-13  3.09695e-10 -1.47184e-10   1.1226e-08 -4.75862e-13  6.33909e-16  1.78717e-12  1.60068e-14 

 Covariant Matrix for [0,6] 
     41051.3      15340.4     -17313.7      532.559     -554.066      3455.17     -3895.88      22.4874     -26.0624      50.9567      24.9845       1011.8   0.00074728     -5.56346     0.539132      32.3223  -0.00766936     0.324568 -0.000293005   -0.0282376 
     15340.4      28537.3     -20037.6      111.769     -108.077      -1385.6      1655.04      3.33052      -2.7863      31.5503     -11.0912      1539.69   0.00111732     -3.62469    -0.255276      49.2726  -0.00773484     0.207919  0.000115782    -0.044221 
    -17313.7     -20037.6      23924.7     -84.9859      78.1953      2186.62     -2570.77     -1.91115      0.83635      -35.963      17.0956     -1346.72 -0.000996174      4.05029      0.38593     -43.0812   0.00740216    -0.233809 -0.000184365    0.0384711 
     532.559      111.769     -84.9859      1139.82     -476.315     -13.0415      16.0329     0.477211    -0.509072        2.424    -0.102075      7.37304  3.32559e-05     -0.24993  -0.00255181     0.231009 -0.000127865    0.0147806  9.80989e-07 -0.000180669 
    -554.066     -108.077      78.1953     -476.315      510.322      16.2603     -19.7507    -0.484126      0.51486     -2.50004     0.126458     -7.09862 -3.37334e-05     0.257748   0.00309181    -0.222058   0.00013101   -0.0152443 -1.25344e-06  0.000171302 
     3455.17      -1385.6      2186.62     -13.0415      16.2603      17472.4     -6792.86    -0.789367      1.31577      7.24373      48.8936     -104.881 -0.000132772    -0.752678      1.07353     -3.37358 -0.000571023    0.0448628 -0.000555071   0.00335389 
    -3895.88      1655.04     -2570.77      16.0329     -19.7507     -6792.86      7783.78     0.963017     -1.57324     -8.19371     -50.6963      124.205  0.000147747     0.849349     -1.11318      3.99446  0.000596415   -0.0506469  0.000575556  -0.00394741 
     22.4874      3.33052     -1.91115     0.477211    -0.484126    -0.789367     0.963017      51.7002     -20.7551    0.0948089  -0.00823605     0.109356 -2.56033e-06  -0.00895016 -0.000163441   0.00366093 -6.32245e-06  0.000549615  8.78708e-08 -1.54095e-06 
    -26.0624      -2.7863      0.83635    -0.509072      0.51486      1.31577     -1.57324     -20.7551      26.0613    -0.106399    0.0124247   -0.0585259   2.8135e-06    0.0100816  0.000253676   -0.0020367  7.04899e-06 -0.000618177 -1.34708e-07 -2.10511e-07 
     50.9567      31.5503      -35.963        2.424     -2.50004      7.24373     -8.19371    0.0948089    -0.106399      2.57646    0.0548284      2.20154  5.63709e-06    0.0894316   0.00115339     0.069963 -1.35956e-05  -0.00100566 -6.42209e-07 -6.20773e-05 
     24.9845     -11.0912      17.0956    -0.102075     0.126458      48.8936     -50.6963  -0.00823605    0.0124247    0.0548284      3.50512    -0.782768   7.0469e-07  -0.00575767    0.0799664   -0.0253367 -3.12464e-06  0.000338838   5.5201e-06  2.48162e-05 
      1011.8      1539.69     -1346.72      7.37304     -7.09862     -104.881      124.205     0.109356   -0.0585259      2.20154    -0.782768      164.062  0.000160545    -0.255414   -0.0186205      5.58188 -0.000472016    0.0144527   8.1967e-06  -0.00971677 
  0.00074728   0.00111732 -0.000996174  3.32559e-05 -3.37334e-05 -0.000132772  0.000147747 -2.56033e-06   2.8135e-06  5.63709e-06   7.0469e-07  0.000160545  3.35812e-09 -7.92028e-07 -1.06122e-08  4.80787e-06  1.00026e-10  3.72992e-08 -1.04288e-11 -4.62135e-09 
    -5.56346     -3.62469      4.05029     -0.24993     0.257748    -0.752678     0.849349  -0.00895016    0.0100816    0.0894316  -0.00575767    -0.255414 -7.92028e-07    0.0109655 -0.000119463  -0.00809996  1.67212e-06 -0.000386531  6.78817e-08  7.16031e-06 
    0.539132    -0.255276      0.38593  -0.00255181   0.00309181      1.07353     -1.11318 -0.000163441  0.000253676   0.00115339    0.0799664   -0.0186205 -1.06122e-08 -0.000119463   0.00240414 -0.000599598 -6.65289e-08  7.10382e-06  1.26583e-06  5.85538e-07 
     32.3223      49.2726     -43.0812     0.231009    -0.222058     -3.37358      3.99446   0.00366093   -0.0020367     0.069963   -0.0253367      5.58188  4.80787e-06  -0.00809996 -0.000599598     0.200204  -1.5061e-05  0.000459121  2.65865e-07 -0.000468812 
 -0.00766936  -0.00773484   0.00740216 -0.000127865   0.00013101 -0.000571023  0.000596415 -6.32245e-06  7.04899e-06 -1.35956e-05 -3.12464e-06 -0.000472016  1.00026e-10  1.67212e-06 -6.65289e-08  -1.5061e-05  6.68216e-09 -9.58952e-08  4.32719e-11  1.22307e-08 
    0.324568     0.207919    -0.233809    0.0147806   -0.0152443    0.0448628   -0.0506469  0.000549615 -0.000618177  -0.00100566  0.000338838    0.0144527  3.72992e-08 -0.000386531  7.10382e-06  0.000459121 -9.58952e-08  1.66313e-05 -3.98477e-09 -4.05403e-07 
-0.000293005  0.000115782 -0.000184365  9.80989e-07 -1.25344e-06 -0.000555071  0.000575556  8.78708e-08 -1.34708e-07 -6.42209e-07   5.5201e-06   8.1967e-06 -1.04288e-11  6.78817e-08  1.26583e-06  2.65865e-07  4.32719e-11 -3.98477e-09  4.16052e-09 -2.63454e-10 
  -0.0282376    -0.044221    0.0384711 -0.000180669  0.000171302   0.00335389  -0.00394741 -1.54095e-06 -2.10511e-07 -6.20773e-05  2.48162e-05  -0.00971677 -4.62135e-09  7.16031e-06  5.85538e-07 -0.000468812  1.22307e-08 -4.05403e-07 -2.63454e-10  2.64984e-06 

 Covariant Matrix for [0,7] 
     44796.1      8285.44     -15959.3       1844.4     -2194.34      6230.89     -8413.78      48.7969     -9.97478      521.364      33.7267     -9.23465    0.0019723     -35.4152     0.803407    -0.325161  -0.00975166       1.6284 -0.000422213    0.0142022 
     8285.44      8872.01     -5955.73      394.972     -460.809      981.672     -1295.83      10.3116     -2.10765      122.738      5.06553     -5.71513  0.000242648     -8.35274     0.120005    -0.107218   -0.0034848     0.384149 -6.44505e-05   0.00911185 
    -15959.3     -5955.73        12332      -742.23      862.076     -1595.79      2112.84     -19.4614      3.97775     -239.597     -8.47152      6.52265 -0.000756046      16.2848    -0.196582     0.168584     0.005197    -0.748842   0.00010656   -0.0102398 
      1844.4      394.972      -742.23      874.204     -399.269      287.506     -387.213      2.82638    -0.577719      32.6885      1.57442    -0.454215  0.000138973      -2.2204    0.0368609   -0.0199119 -0.000509041     0.102128 -1.96064e-05  0.000681373 
    -2194.34     -460.809      862.076     -399.269      524.977     -333.302      448.706     -3.32178     0.678978       -38.58     -1.82531     0.529952 -0.000163797      2.62055   -0.0426922    0.0233949  0.000601839    -0.120531  2.27287e-05 -0.000794594 
     6230.89      981.672     -1595.79      287.506     -333.302      9957.16     -4096.12      7.57636     -1.54853       94.349        19.53     -1.11063  0.000399102     -6.40735     0.477468   -0.0548424  -0.00176709     0.294551 -0.000244781     0.001662 
    -8413.78     -1295.83      2112.84     -387.213      448.706     -4096.12      5595.61      -10.202      2.08517     -127.476     -22.2286      1.47119 -0.000537893      8.65662    -0.542134    0.0734753   0.00232183    -0.397964  0.000278522  -0.00219671 
     48.7969      10.3116     -19.4614      2.82638     -3.32178      7.57636      -10.202      35.9466     -1.12261     0.868384    0.0421687   -0.0123742  4.96941e-06    -0.058822  0.000971313 -0.000651224 -1.33448e-05    0.0027008  -5.2163e-07  1.80215e-05 
    -9.97478     -2.10765      3.97775    -0.577719     0.678978     -1.54853      2.08517     -1.12261     0.229636    -0.177503  -0.00861885   0.00252923 -1.01572e-06    0.0120236 -0.000198526  0.000133107  2.72783e-06 -0.000552059  1.06616e-07 -3.68353e-06 
     521.364      122.738     -239.597      32.6885       -38.58       94.349     -127.476     0.868384    -0.177503      10.7288     0.519062    -0.143082  4.46623e-05     -0.61664    0.0121856  -0.00632898 -0.000140706     0.029734 -6.45511e-06  0.000213426 
     33.7267      5.06553     -8.47152      1.57442     -1.82531        19.53     -22.2286    0.0421687  -0.00861885     0.519062      2.25079  -0.00641803  3.79391e-06   -0.0351919    0.0458668  -0.00045285 -8.93522e-06   0.00161592  -5.1952e-06  8.89805e-06 
    -9.23465     -5.71513      6.52265    -0.454215     0.529952     -1.11063      1.47119   -0.0123742   0.00252923    -0.143082  -0.00641803      0.66921 -1.50136e-06   0.00969266 -0.000137247   -0.0162148  3.42759e-06 -0.000444344  7.79923e-08 -4.22327e-05 
