 Covariant Matrix for [0,0] 
     36885.6      14588.8     -15334.9            0            0      6487.63     -6826.22      354.243     -371.964      335.471      89.9796      1989.69  0.000888954      9.96418      2.16644      60.7443   -0.0214089   -0.0423012 -6.28587e-06 -0.000254279 
     14588.8      19263.5     -16082.5            0            0     -344.554      622.243      203.658      -188.72      195.648     -12.7187      2332.14   0.00138635      5.60912    -0.347687      71.1613   -0.0186035   -0.0183635 -1.96717e-06 -0.000298587 
    -15334.9     -16082.5      17811.2            0            0      1037.82     -1376.84      -194.65      176.461     -208.395       23.205     -2228.86  -0.00133164     -6.01923     0.602825     -68.0093     0.018212    0.0210022  1.47752e-06  0.000285298 
           0            0            0            0            0            0            0            0            0            0            0            0            0            0            0            0            0            0            0            0 
           0            0            0            0            0            0            0            0            0            0            0            0            0            0            0            0            0            0            0            0 
     6487.63     -344.554      1037.82            0            0      19564.4     -8563.78        20.42     -4.94895      96.5248      133.207     -74.8798 -0.000376026      2.98288      3.25734     -2.24961  -0.00353221   -0.0156461 -5.68549e-06  9.82344e-06 
    -6826.22      622.243     -1376.84            0            0     -8563.78      9338.26     -17.0149     0.156109     -102.212     -129.034      114.377  0.000397199     -3.16472     -3.15579      3.45493   0.00340189    0.0167859  5.49381e-06 -1.49076e-05 
     354.243      203.658      -194.65            0            0        20.42     -17.0149      306.091     -156.668      7.19286     0.152438      27.4609   3.3315e-05     0.210011   0.00287578     0.836323 -0.000408157 -0.000799738 -6.18775e-08 -3.47352e-06 
    -371.964      -188.72      176.461            0            0     -4.94895     0.156109     -156.668      214.285     -7.49072    0.0821613     -25.3379 -3.21913e-05    -0.219545   0.00283496    -0.771535  0.000400866  0.000859777  5.11177e-08  3.20026e-06 
     335.471      195.648     -208.395            0            0      96.5248     -102.212      7.19286     -7.49072      22.6767       1.3651      26.8375  1.58962e-05     0.908209    0.0328855     0.818936 -0.000270151   -0.0116881 -9.03088e-08 -3.42862e-06 
     89.9796     -12.7187       23.205            0            0      133.207     -129.034     0.152438    0.0821613       1.3651      9.29366     -1.96079  5.51773e-06    0.0412606     0.235998   -0.0604701 -3.76072e-05 -0.000199518  2.72638e-06  2.64772e-07 
     1989.69      2332.14     -2228.86            0            0     -74.8798      114.377      27.4609     -25.3379      26.8375     -1.96079      417.921  0.000345783     0.754168    -0.055089      12.7286  -0.00248331  -0.00213635 -3.08655e-07 -6.04191e-05 
 0.000888954   0.00138635  -0.00133164            0            0 -0.000376026  0.000397199   3.3315e-05 -3.21913e-05  1.58962e-05  5.51773e-06  0.000345783   1.0354e-08 -6.13522e-07  -1.0593e-08  9.53655e-06 -5.25684e-10  2.60323e-08 -3.94964e-12 -3.46532e-11 
     9.96418      5.60912     -6.01923            0            0      2.98288     -3.16472     0.210011    -0.219545     0.908209    0.0412606     0.754168 -6.13522e-07    0.0406166   0.00100972    0.0231191 -7.71628e-06 -0.000605591 -2.29304e-09 -9.73703e-08 
     2.16644    -0.347687     0.602825            0            0      3.25734     -3.15579   0.00287578   0.00283496    0.0328855     0.235998    -0.055089  -1.0593e-08   0.00100972   0.00689055  -0.00168248 -8.78573e-07 -5.21927e-06  1.54341e-07  7.25284e-09 
     60.7443      71.1613     -68.0093            0            0     -2.24961      3.45493     0.836323    -0.771535     0.818936   -0.0604701      12.7286  9.53655e-06    0.0231191  -0.00168248     0.391381 -7.58768e-05 -6.79164e-05 -9.04355e-09 -2.08042e-06 
  -0.0214089   -0.0186035     0.018212            0            0  -0.00353221   0.00340189 -0.000408157  0.000400866 -0.000270151 -3.76072e-05  -0.00248331 -5.25684e-10 -7.71628e-06 -8.78573e-07 -7.58768e-05  3.53058e-08  2.28966e-08  5.51142e-12  3.16764e-10 
  -0.0423012   -0.0183635    0.0210022            0            0   -0.0156461    0.0167859 -0.000799738  0.000859777   -0.0116881 -0.000199518  -0.00213635  2.60323e-08 -0.000605591 -5.21927e-06 -6.79164e-05  2.28966e-08  1.08305e-05  1.34483e-12  2.99512e-10 
-6.28587e-06 -1.96717e-06  1.47752e-06            0            0 -5.68549e-06  5.49381e-06 -6.18775e-08  5.11177e-08 -9.03088e-08  2.72638e-06 -3.08655e-07 -3.94964e-12 -2.29304e-09  1.54341e-07 -9.04355e-09  5.51142e-12  1.34483e-12  1.33273e-11  3.54081e-14 
-0.000254279 -0.000298587  0.000285298            0            0  9.82344e-06 -1.49076e-05 -3.47352e-06  3.20026e-06 -3.42862e-06  2.64772e-07 -6.04191e-05 -3.46532e-11 -9.73703e-08  7.25284e-09 -2.08042e-06  3.16764e-10  2.99512e-10  3.54081e-14  5.69259e-11 

 Covariant Matrix for [0,1] 
       28186      6620.77     -7917.12            0            0      4638.97      -4875.3      89.7699     -95.0585      181.758      83.8583       388.58 -0.000194696      4.46249      2.05231      10.7063  -0.00955985  4.09304e-06  -3.9766e-06   -0.0579521 
     6620.77      12071.4     -8205.69            0            0     -932.419      1019.99      20.1735      -18.174      79.3212     -19.7309      523.114 -0.000195714      1.94897    -0.482401      14.4129  -0.00792959  7.36018e-07 -6.20328e-08   -0.0787586 
    -7917.12     -8205.69      10625.8            0            0      1702.26     -1835.74     -17.2503      14.2081     -96.3749      34.1174     -492.221   0.00019054     -2.36729     0.834494     -13.5616   0.00798505 -1.35395e-06 -4.48558e-07    0.0740269 
           0            0            0            0            0            0            0            0            0            0            0            0            0            0            0            0            0            0            0            0 
           0            0            0            0            0            0            0            0            0            0            0            0            0            0            0            0            0            0            0            0 
     4638.97     -932.419      1702.26            0            0      17701.2      -7274.8     -4.76572      7.95614       59.816       138.33     -62.3348 -2.65674e-06      1.46736      3.38489     -1.71798  -0.00144213  1.80077e-06 -5.14461e-06   0.00975144 
     -4875.3      1019.99     -1835.74            0            0      -7274.8       7700.5      5.29857     -8.67929     -62.9249     -135.444      67.8494  1.69938e-06     -1.54362     -3.31426      1.86994   0.00145225 -1.91305e-06  5.04273e-06    -0.010596 
     89.7699      20.1735     -17.2503            0            0     -4.76572      5.29857      196.219     -81.2434       2.2064    -0.113356      1.02609 -9.12184e-06    0.0547931  -0.00271677    0.0290903 -6.24613e-05  9.00934e-08  1.05505e-09  -0.00015905 
    -95.0585      -18.174      14.2081            0            0      7.95614     -8.67929     -81.2434      94.1817     -2.27428     0.172966    -0.900335  9.09095e-06   -0.0564572   0.00417571   -0.0256244  6.26664e-05 -9.25466e-08 -3.16949e-09  0.000139783 
     181.758      79.3212     -96.3749            0            0       59.816     -62.9249       2.2064     -2.27428       8.5847      1.10742      4.89493  2.38811e-05     0.208255    0.0269174      0.13223 -0.000105079  4.16054e-06 -6.09976e-08 -0.000694902 
     83.8583     -19.7309      34.1174            0            0       138.33     -135.444    -0.113356     0.172966      1.10742      10.3796     -1.23725    6.805e-06    0.0269625      0.24607   -0.0347808 -2.08944e-05  2.56139e-08  5.77663e-06  0.000202037 
      388.58      523.114     -492.221            0            0     -62.3348      67.8494      1.02609    -0.900335      4.89493     -1.23725      73.3622  5.74711e-05     0.118199   -0.0307368      2.05816 -0.000438649 -3.55342e-08 -2.56187e-08   -0.0157364 
-0.000194696 -0.000195714   0.00019054            0            0 -2.65674e-06  1.69938e-06 -9.12184e-06  9.09095e-06  2.38811e-05    6.805e-06  5.74711e-05  8.14245e-09  3.41294e-07  1.08923e-07   7.6239e-07  1.18099e-09 -1.00915e-11 -3.43279e-12  2.69263e-09 
     4.46249      1.94897     -2.36729            0            0      1.46736     -1.54362    0.0547931   -0.0564572     0.208255    0.0269625     0.118199  3.41294e-07   0.00553836   0.00065706   0.00321663 -2.60602e-06  2.12481e-07 -1.39249e-09 -1.71054e-05 
     2.05231    -0.482401     0.834494            0            0      3.38489     -3.31426  -0.00271677   0.00417571    0.0269174      0.24607   -0.0307368  1.08923e-07   0.00065706   0.00629726 -0.000857987  -5.1743e-07  6.98398e-10  3.15145e-07   4.9328e-06 
     10.7063      14.4129     -13.5616            0            0     -1.71798      1.86994    0.0290903   -0.0256244      0.13223   -0.0347808      2.05816   7.6239e-07   0.00321663 -0.000857987       0.0616 -1.21724e-05  4.02325e-11 -3.55701e-10 -0.000572569 
 -0.00955985  -0.00792959   0.00798505            0            0  -0.00144213   0.00145225 -6.24613e-05  6.26664e-05 -0.000105079 -2.08944e-05 -0.000438649  1.18099e-09 -2.60602e-06  -5.1743e-07 -1.21724e-05   1.8633e-08  3.29522e-13  2.28482e-12  6.54673e-08 
 4.09304e-06  7.36018e-07 -1.35395e-06            0            0  1.80077e-06 -1.91305e-06  9.00934e-08 -9.25466e-08  4.16054e-06  2.56139e-08 -3.55342e-08 -1.00915e-11  2.12481e-07  6.98398e-10  4.02325e-11  3.29522e-13  5.44599e-11  3.22234e-15 -9.08426e-12 
 -3.9766e-06 -6.20328e-08 -4.48558e-07            0            0 -5.14461e-06  5.04273e-06  1.05505e-09 -3.16949e-09 -6.09976e-08  5.77663e-06 -2.56187e-08 -3.43279e-12 -1.39249e-09  3.15145e-07 -3.55701e-10  2.28482e-12  3.22234e-15  2.17877e-10  -1.4285e-12 
  -0.0579521   -0.0787586    0.0740269            0            0   0.00975144    -0.010596  -0.00015905  0.000139783 -0.000694902  0.000202037   -0.0157364  2.69263e-09 -1.71054e-05   4.9328e-06 -0.000572569  6.54673e-08 -9.08426e-12  -1.4285e-12  9.82638e-06 

 Covariant Matrix for [0,2] 
     30297.9      5701.06     -7702.33            0            0      7024.47     -7229.81      161.771     -170.626      365.937      130.888     0.165197 -0.000380965      12.3158       3.2792      2.90122   -0.0102974 -0.000213113  1.06583e-06  3.04574e-06 
     5701.06       9574.6     -6054.14            0            0     -153.494      173.851      40.2165     -39.3509       110.68     -4.77435     0.201555 -0.000449468      3.73603    -0.117958      3.49945  -0.00634848 -6.37442e-05 -7.11292e-08  2.91618e-06 
    -7702.33     -6054.14       9187.6            0            0      963.038     -1010.96     -42.5981      40.5482      -155.02      20.2645    -0.192845  0.000386286     -5.22401     0.506398      -3.3482   0.00680618  8.96578e-05  2.08174e-07 -2.89634e-06 
           0            0            0            0            0            0            0            0            0            0            0            0            0            0            0            0            0            0            0            0 
           0            0            0            0            0            0            0            0            0            0            0            0            0            0            0            0            0            0            0            0 
     7024.47     -153.494      963.038            0            0      18486.4     -8860.27      16.4429     -12.8791      151.378      169.398    -0.017925 -5.79186e-05      5.09203       4.2431    -0.279937   -0.0028141 -8.85973e-05  1.43609e-06  1.52188e-07 
    -7229.81      173.851     -1010.96            0            0     -8860.27      9143.57     -16.6882       13.003     -155.925     -167.893    0.0188261  5.15176e-05     -5.24464     -4.20534     0.295572   0.00286128  9.12544e-05 -1.42271e-06  -1.5011e-07 
     161.771      40.2165     -42.5981            0            0      16.4429     -16.6882      208.789     -99.5901      5.60626     0.275305  0.000881472 -1.33496e-05      0.18986   0.00695483    0.0170708 -0.000120073 -3.33688e-06  1.89566e-09  2.17435e-08 
    -170.626     -39.3509      40.5482            0            0     -12.8791       13.003     -99.5901      115.453     -5.80258     -0.20709 -0.000842925  1.30755e-05    -0.196448  -0.00524422   -0.0164022  0.000122129  3.45152e-06  -1.2911e-09 -2.16622e-08 
     365.937       110.68      -155.02            0            0      151.378     -155.925      5.60626     -5.80258      22.8762      2.85489   0.00363208   3.5172e-05     0.793978    0.0712819    0.0589387 -0.000179981  -2.1165e-05  2.25941e-08  7.22072e-08 
     130.888     -4.77435      20.2645            0            0      169.398     -167.893     0.275305     -0.20709      2.85489      12.1159  -0.00034186  4.58662e-06    0.0957416      0.30536  -0.00596869 -4.82201e-05 -1.65811e-06  5.59088e-07  3.66525e-09 
    0.165197     0.201555    -0.192845            0            0    -0.017925    0.0188261  0.000881472 -0.000842925   0.00363208  -0.00034186  8.10782e-05  6.85596e-08  0.000118298  -8.9807e-06   0.00118245  -1.4823e-07  -1.8961e-09 -5.37284e-12 -2.89871e-09 
-0.000380965 -0.000449468  0.000386286            0            0 -5.79186e-05  5.15176e-05 -1.33496e-05  1.30755e-05   3.5172e-05  4.58662e-06  6.85596e-08  1.00372e-08  6.52885e-07  5.71606e-08  1.03024e-07  1.11665e-09  5.75105e-12 -1.74792e-13  3.19455e-12 
     12.3158      3.73603     -5.22401            0            0      5.09203     -5.24464      0.18986    -0.196448     0.793978    0.0957416  0.000118298  6.52885e-07    0.0293684   0.00239354   0.00197258 -6.07902e-06 -9.77747e-07  7.69127e-10  2.25299e-09 
      3.2792    -0.117958     0.506398            0            0       4.2431     -4.20534   0.00695483  -0.00524422    0.0712819      0.30536  -8.9807e-06  5.71606e-08   0.00239354   0.00860041 -0.000150512 -1.21146e-06 -4.15523e-08  2.69484e-08  7.27891e-11 
     2.90122      3.49945      -3.3482            0            0    -0.279937     0.295572    0.0170708   -0.0164022    0.0589387  -0.00596869   0.00118245  1.03024e-07   0.00197258 -0.000150512    0.0191027 -2.74313e-06 -3.33342e-08 -7.06884e-11 -9.11666e-08 
  -0.0102974  -0.00634848   0.00680618            0            0   -0.0028141   0.00286128 -0.000120073  0.000122129 -0.000179981 -4.82201e-05  -1.4823e-07  1.11665e-09 -6.07902e-06 -1.21146e-06 -2.74313e-06  1.86796e-08  1.00549e-10 -3.19816e-13 -3.75345e-12 
-0.000213113 -6.37442e-05  8.96578e-05            0            0 -8.85973e-05  9.12544e-05 -3.33688e-06  3.45152e-06  -2.1165e-05 -1.65811e-06  -1.8961e-09  5.75105e-12 -9.77747e-07 -4.15523e-08 -3.33342e-08  1.00549e-10  6.18457e-11 -1.37416e-14 -3.23499e-14 
 1.06583e-06 -7.11292e-08  2.08174e-07            0            0  1.43609e-06 -1.42271e-06  1.89566e-09  -1.2911e-09  2.25941e-08  5.59088e-07 -5.37284e-12 -1.74792e-13  7.69127e-10  2.69484e-08 -7.06884e-11 -3.19816e-13 -1.37416e-14  3.15054e-13 -6.30607e-17 
 3.04574e-06  2.91618e-06 -2.89634e-06            0            0  1.52188e-07  -1.5011e-07  2.17435e-08 -2.16622e-08  7.22072e-08  3.66525e-09 -2.89871e-09  3.19455e-12  2.25299e-09  7.27891e-11 -9.11666e-08 -3.75345e-12 -3.23499e-14 -6.30607e-17  7.09847e-11 

 Covariant Matrix for [0,3] 
       57296        13388     -18587.6            0            0      9322.81       -10088      351.426     -380.908     -18.7583      44.0063      139.647   0.00192942     -22.9319      1.14074      3.88136   -0.0108599    0.0236553 -8.71029e-06  2.10663e-05 
       13388      19827.2     -12890.5            0            0       635.28      -672.78      105.347     -109.136     -7.77017      2.69602      133.421  0.000564714     -8.78567    0.0686258      3.83271  -0.00688011    0.0090533 -5.80894e-07   1.9754e-05 
    -18587.6     -12890.5        19157            0            0     -144.656      138.565     -131.529      134.952      10.5223    -0.400741     -133.622 -0.000926504      12.3554  -0.00735072     -3.80327   0.00776478   -0.0127379  1.38548e-07 -1.98811e-05 
           0            0            0            0            0            0            0            0            0            0            0            0            0            0            0            0            0            0            0            0 
           0            0            0            0            0            0            0            0            0            0            0            0            0            0            0            0            0            0            0            0 
     9322.81       635.28     -144.656            0            0      25857.8     -9997.63      50.9073     -50.7466     -4.99111      45.9123      6.84449  0.000572477     -6.33986      1.19524     0.143958   -0.0020895   0.00654385 -9.01532e-06  1.18994e-06 
      -10088      -672.78      138.565            0            0     -9997.63      10840.3     -54.9552       54.765       5.3992     -47.4542     -7.28084 -0.000622432      6.86249     -1.23526    -0.151814   0.00224413  -0.00708328  9.31881e-06 -1.26862e-06 
     351.426      105.347     -131.529            0            0      50.9073     -54.9552      349.971     -145.863    -0.254992     0.241405      1.12441  2.98007e-05    -0.336496   0.00618358    0.0298561 -0.000116964   0.00034769 -4.82363e-08    1.731e-07 
    -380.908     -109.136      134.952            0            0     -50.7466       54.765     -145.863       173.45     0.272675    -0.240715     -1.16636 -3.19911e-05     0.359554  -0.00615723   -0.0308647  0.000123962 -0.000371501   4.8164e-08 -1.79849e-07 
    -18.7583     -7.77017      10.5223            0            0     -4.99111       5.3992    -0.254992     0.272675      2.33466   -0.0240281    -0.088726 -3.08824e-06     0.158641 -0.000614501  -0.00228049  6.89041e-06 -9.74274e-05  4.76363e-09 -1.35611e-08 
     44.0063      2.69602    -0.400741            0            0      45.9123     -47.4542     0.241405    -0.240715   -0.0240281      2.30769    0.0343757   3.8125e-06   -0.0304669     0.050141  0.000628509 -9.33602e-06  3.13991e-05 -8.26877e-09  5.98515e-09 
     139.647      133.421     -133.622            0            0      6.84449     -7.28084      1.12441     -1.16636    -0.088726    0.0343757       8.8925  2.42961e-05    -0.100522  0.000802088     0.253338 -6.40142e-05  0.000102802 -7.28159e-09 -5.41309e-08 
  0.00192942  0.000564714 -0.000926504            0            0  0.000572477 -0.000622432  2.98007e-05 -3.19911e-05 -3.08824e-06   3.8125e-06  2.42961e-05  4.34694e-09  -3.2724e-06  8.14756e-08  2.74064e-07 -2.01341e-10  3.18383e-09 -7.61537e-13  3.92818e-12 
    -22.9319     -8.78567      12.3554            0            0     -6.33986      6.86249    -0.336496     0.359554     0.158641   -0.0304669    -0.100522  -3.2724e-06    0.0373165 -0.000781691  -0.00260532  6.81322e-06 -3.40401e-05  6.03017e-09 -1.52724e-08 
     1.14074    0.0686258  -0.00735072            0            0      1.19524     -1.23526   0.00618358  -0.00615723 -0.000614501     0.050141  0.000802088  8.14756e-08 -0.000781691    0.0013193  1.54329e-05 -2.43539e-07  8.06387e-07   1.0779e-08  1.40779e-10 
     3.88136      3.83271     -3.80327            0            0     0.143958    -0.151814    0.0298561   -0.0308647  -0.00228049  0.000628509     0.253338  2.74064e-07  -0.00260532  1.54329e-05    0.0089328 -1.85111e-06  2.68067e-06 -1.37685e-10 -4.42096e-08 
  -0.0108599  -0.00688011   0.00776478            0            0   -0.0020895   0.00224413 -0.000116964  0.000123962  6.89041e-06 -9.33602e-06 -6.40142e-05 -2.01341e-10  6.81322e-06 -2.43539e-07 -1.85111e-06  9.37541e-09 -7.00571e-09  1.89985e-12 -9.90651e-12 
   0.0236553    0.0090533   -0.0127379            0            0   0.00654385  -0.00708328   0.00034769 -0.000371501 -9.74274e-05  3.13991e-05  0.000102802  3.18383e-09 -3.40401e-05  8.06387e-07  2.68067e-06 -7.00571e-09  3.26204e-08 -6.21414e-12   1.5606e-11 
-8.71029e-06 -5.80894e-07  1.38548e-07            0            0 -9.01532e-06  9.31881e-06 -4.82363e-08   4.8164e-08  4.76363e-09 -8.26877e-09 -7.28159e-09 -7.61537e-13  6.03017e-09   1.0779e-08 -1.37685e-10  1.89985e-12 -6.21414e-12  2.05733e-12  -1.2571e-15 
 2.10663e-05   1.9754e-05 -1.98811e-05            0            0  1.18994e-06 -1.26862e-06    1.731e-07 -1.79849e-07 -1.35611e-08  5.98515e-09 -5.41309e-08  3.92818e-12 -1.52724e-08  1.40779e-10 -4.42096e-08 -9.90651e-12   1.5606e-11  -1.2571e-15  2.10676e-12 

 Covariant Matrix for [0,4] 
     52327.7      16785.5       -20275            0            0       7634.5     -7853.42       283.34     -311.432      536.591      95.2114      618.938   0.00020423      19.7836      2.39012      18.9847   -0.0107197 -0.000902985  5.58307e-06   0.00144576 
     16785.5      26346.8     -19228.8            0            0     -1376.62      1440.96      111.883     -103.723      266.636     -19.1447      760.134 -6.96328e-05       9.8268    -0.481684       23.343  -0.00896532 -0.000444808 -1.60494e-06    0.0017956 
      -20275     -19228.8        24747            0            0      2650.62     -2756.25     -114.026      100.577     -327.552      35.3675     -718.827  3.96996e-05     -12.0766     0.889491     -22.0729   0.00921262  0.000548691  2.65731e-06  -0.00169527 
           0            0            0            0            0            0            0            0            0            0            0            0            0            0            0            0            0            0            0            0 
           0            0            0            0            0            0            0            0            0            0            0            0            0            0            0            0            0            0            0            0 
      7634.5     -1376.62      2650.62            0            0      25625.7     -11650.2      11.9999      -1.7522      132.113      149.177     -56.5433  0.000217201      4.86375       3.7471     -1.75622  -0.00111027 -0.000222929  9.45046e-06 -0.000143942 
    -7853.42      1440.96     -2756.25            0            0     -11650.2      12019.2     -12.1317      1.55166     -135.934     -147.986      59.1223 -0.000218923     -5.00487     -3.71716      1.83551   0.00112563  0.000229445 -9.37363e-06  0.000150205 
      283.34      111.883     -114.026            0            0      11.9999     -12.1317      322.054     -154.846      7.27888     0.128253      3.86059 -7.39811e-06     0.270938   0.00324755     0.119429 -0.000114695 -1.25851e-05  4.36137e-09   9.0982e-06 
    -311.432     -103.723      100.577            0            0      -1.7522      1.55166     -154.846      212.623     -7.76794   0.00225295     -3.53349  7.15996e-06    -0.288998  3.31439e-05    -0.109372  0.000116742  1.34185e-05  4.11476e-09 -8.30371e-06 
     536.591      266.636     -327.552            0            0      132.113     -135.934      7.27888     -7.76794      23.4419       1.6619      10.0723  2.23141e-05     0.912821    0.0416267     0.306875 -0.000158178 -5.54037e-05  9.57679e-08  2.30971e-05 
     95.2114     -19.1447      35.3675            0            0      149.177     -147.986     0.128253   0.00225295       1.6619      7.87345    -0.756322  4.72938e-06    0.0610224     0.194087   -0.0236918 -1.23206e-05 -2.78706e-06  3.08663e-06 -1.96355e-06 
     618.938      760.134     -718.827            0            0     -56.5433      59.1223      3.86059     -3.53349      10.0723    -0.756322      54.9081  3.75693e-05     0.367938   -0.0192306      1.66829 -0.000312633 -1.64417e-05 -6.80441e-08  0.000189986 
  0.00020423 -6.96328e-05  3.96996e-05            0            0  0.000217201 -0.000218923 -7.39811e-06  7.15996e-06  2.23141e-05  4.72938e-06  3.75693e-05  3.87807e-09   4.9953e-07  9.90435e-08  7.34791e-07  3.35892e-10 -2.54831e-13 -3.13579e-13 -6.20889e-12 
     19.7836       9.8268     -12.0766            0            0      4.86375     -5.00487     0.270938    -0.288998     0.912821    0.0610224     0.367938   4.9953e-07    0.0375377    0.0015301    0.0112442 -5.83679e-06 -2.58346e-06  3.56753e-09  8.51459e-07 
     2.39012    -0.481684     0.889491            0            0       3.7471     -3.71716   0.00324755  3.31439e-05    0.0416267     0.194087   -0.0192306  9.90435e-08    0.0015301   0.00532979  -0.00060012 -3.10288e-07       -7e-08  1.50705e-07 -4.93864e-08 
     18.9847       23.343     -22.0729            0            0     -1.75622      1.83551     0.119429    -0.109372     0.306875   -0.0236918      1.66829  7.34791e-07    0.0112442  -0.00060012    0.0521072 -9.64268e-06 -5.04833e-07 -2.05312e-09  7.91666e-06 
  -0.0107197  -0.00896532   0.00921262            0            0  -0.00111027   0.00112563 -0.000114695  0.000116742 -0.000158178 -1.23206e-05 -0.000312633  3.35892e-10 -5.83679e-06 -3.10288e-07 -9.64268e-06  9.02391e-09  2.61225e-10 -4.44526e-13 -7.30979e-10 
-0.000902985 -0.000444808  0.000548691            0            0 -0.000222929  0.000229445 -1.25851e-05  1.34185e-05 -5.54037e-05 -2.78706e-06 -1.64417e-05 -2.54831e-13 -2.58346e-06       -7e-08 -5.04833e-07  2.61225e-10  2.36401e-10  -1.6693e-13 -3.85981e-11 
 5.58307e-06 -1.60494e-06  2.65731e-06            0            0  9.45046e-06 -9.37363e-06  4.36137e-09  4.11476e-09  9.57679e-08  3.08663e-06 -6.80441e-08 -3.13579e-13  3.56753e-09  1.50705e-07 -2.05312e-09 -4.44526e-13  -1.6693e-13  1.88862e-11 -1.56063e-13 
  0.00144576    0.0017956  -0.00169527            0            0 -0.000143942  0.000150205   9.0982e-06 -8.30371e-06  2.30971e-05 -1.96355e-06  0.000189986 -6.20889e-12  8.51459e-07 -4.93864e-08  7.91666e-06 -7.30979e-10 -3.85981e-11 -1.56063e-13  1.25177e-08 

 Covariant Matrix for [0,5] 
     37703.9      10803.9       -13200      20.3968  -0.00467608      5261.48     -5512.82      52.7336   -0.0126373      279.999       151.69      379.575 -0.000221355      8.96735      5.43686        11.77  -0.00852295  3.21151e-06   -0.0643372 -6.65787e-07 
     10803.9      20039.8     -13448.7        2.585 -0.000592738     -1333.93      1443.01      4.89751  -0.00117351      133.295     -45.9623      524.519 -0.000504018      4.28739     -1.67544      16.2877  -0.00724806  1.51999e-06    0.0209179 -9.43743e-07 
      -13200     -13448.7      17720.6     -1.19886  0.000274945      2456.97     -2629.21     -1.00175  0.000239846     -166.257      79.8729     -482.458  0.000498177     -5.34258      2.89853     -14.9856   0.00733905 -1.90886e-06   -0.0356537  8.66715e-07 
     20.3968        2.585     -1.19886      76.6014  -0.00337986     -1.87688      2.01789    0.0264151 -6.33455e-06     0.483543     -0.06204    0.0747233  1.65498e-07    0.0154897  -0.00227026   0.00229274 -7.01083e-06  5.61408e-09  2.83497e-05 -1.04112e-10 
 -0.00467608 -0.000592738  0.000274945  -0.00337986  7.74885e-07  0.000430564 -0.000462893 -6.06016e-06   1.4524e-09 -0.000110852  1.42646e-05 -1.71337e-05 -3.79305e-11 -3.55099e-06  5.22351e-07 -5.25695e-07  1.60735e-09  -1.2868e-12 -6.53429e-09  2.38375e-14 
     5261.48     -1333.93      2456.97     -1.87688  0.000430564      19628.8     -8981.68     -6.04304    0.0014479      71.8012      272.391     -52.4088  0.000277317      2.28091       9.8079     -1.65389  -0.00104552  8.06148e-07    -0.117731  1.08631e-07 
    -5512.82      1443.01     -2629.21      2.01789 -0.000462893     -8981.68      9476.37      6.44145  -0.00154342     -75.2544     -269.723      56.6038 -0.000278506     -2.39141     -9.71162      1.78382   0.00105833 -8.46764e-07      0.11657  -1.1635e-07 
     52.7336      4.89751     -1.00175    0.0264151 -6.06016e-06     -6.04304      6.44145       196.39  -0.00978934      1.24602    -0.194741    0.0845812 -5.42425e-06    0.0407123   -0.0069465   0.00324885 -1.65276e-05  1.59168e-08  8.29542e-05 -2.75912e-10 
  -0.0126373  -0.00117351  0.000239846 -6.33455e-06   1.4524e-09    0.0014479  -0.00154342  -0.00978934  2.34597e-06 -0.000298594  4.66399e-05 -2.02637e-05   1.2999e-09 -9.75622e-06  1.66349e-06 -7.78392e-07  3.96071e-09 -3.81411e-12 -1.98592e-08  6.61109e-14 
     279.999      133.295     -166.257     0.483543 -0.000110852      71.8012     -75.2544      1.24602 -0.000298594      12.7752      2.08345      4.86009  1.57569e-05     0.426746    0.0742517     0.148537  -9.6457e-05  3.70536e-07 -0.000871001  -7.9395e-09 
      151.69     -45.9623      79.8729     -0.06204  1.42646e-05      272.391     -269.723    -0.194741  4.66399e-05      2.08345      40.9192     -1.77201   8.3267e-06    0.0661795      1.72433   -0.0557972 -2.38907e-05  2.34664e-08   -0.0294745  3.59355e-09 
     379.575      524.519     -482.458    0.0747233 -1.71337e-05     -52.4088      56.6038    0.0845812 -2.02637e-05      4.86009     -1.77201      47.1002  1.78941e-05     0.154157   -0.0654245      1.47843 -0.000236377  5.20509e-08  0.000831183  -2.0212e-07 
-0.000221355 -0.000504018  0.000498177  1.65498e-07 -3.79305e-11  0.000277317 -0.000278506 -5.42425e-06   1.2999e-09  1.57569e-05   8.3267e-06  1.78941e-05  4.37199e-09   2.3903e-07   1.8366e-07  4.42115e-08  7.14635e-10 -2.60072e-13  1.34948e-10  1.13279e-13 
     8.96735      4.28739     -5.34258    0.0154897 -3.55099e-06      2.28091     -2.39141    0.0407123 -9.75622e-06     0.426746    0.0661795     0.154157   2.3903e-07    0.0155536   0.00236549   0.00474183 -3.11642e-06  1.94954e-08 -2.78892e-05 -2.60473e-10 
     5.43686     -1.67544      2.89853  -0.00227026  5.22351e-07       9.8079     -9.71162   -0.0069465  1.66349e-06    0.0742517      1.72433   -0.0654245   1.8366e-07   0.00236549    0.0771866  -0.00204567 -8.38343e-07  8.48396e-10  -0.00141522  1.28304e-10 
       11.77      16.2877     -14.9856   0.00229274 -5.25695e-07     -1.65389      1.78382   0.00324885 -7.78392e-07     0.148537   -0.0557972      1.47843  4.42115e-08   0.00474183  -0.00204567    0.0490005 -7.39685e-06  1.64077e-09  2.57013e-05 -1.04099e-08 
 -0.00852295  -0.00724806   0.00733905 -7.01083e-06  1.60735e-09  -0.00104552   0.00105833 -1.65276e-05  3.96071e-09  -9.6457e-05 -2.38907e-05 -0.000236377  7.14635e-10 -3.11642e-06 -8.38343e-07 -7.39685e-06  9.56788e-09 -1.06902e-12  9.12166e-09  4.18244e-13 
 3.21151e-06  1.51999e-06 -1.90886e-06  5.61408e-09  -1.2868e-12  8.06148e-07 -8.46764e-07  1.59168e-08 -3.81411e-12  3.70536e-07  2.34664e-08  5.20509e-08 -2.60072e-13  1.94954e-08  8.48396e-10  1.64077e-09 -1.06902e-12  6.39579e-14  -1.0204e-11 -9.94277e-17 
  -0.0643372    0.0209179   -0.0356537  2.83497e-05 -6.53429e-09    -0.117731      0.11657  8.29542e-05 -1.98592e-08 -0.000871001   -0.0294745  0.000831183  1.34948e-10 -2.78892e-05  -0.00141522  2.57013e-05  9.12166e-09  -1.0204e-11  2.84133e-05 -1.54026e-12 
-6.65787e-07 -9.43743e-07  8.66715e-07 -1.04112e-10  2.38375e-14  1.08631e-07  -1.1635e-07 -2.75912e-10  6.61109e-14  -7.9395e-09  3.59355e-09  -2.0212e-07  1.13279e-13 -2.60473e-10  1.28304e-10 -1.04099e-08  4.18244e-13 -9.94277e-17 -1.54026e-12  1.33192e-14 

 Covariant Matrix for [0,6] 
     60329.3      25750.2     -29067.5      1043.68     -1048.32      7587.08     -7900.98      69.3929     -71.6095      793.818       121.59      1273.27 -0.000859288      29.3941      3.03053      39.5511   -0.0134811 -0.000230972  4.08834e-06  -2.1102e-05 
     25750.2        36384     -28674.5      376.798     -370.533     -1252.48      1415.44        28.02     -26.6647      467.616     -26.1388      1533.15  -0.00072523      17.3065    -0.652271      47.5918   -0.0117482 -0.000135293 -1.33225e-06 -2.54504e-05 
    -29067.5     -28674.5      34041.7     -389.362      381.102      2458.68     -2688.89     -28.4961      26.6137     -533.675      46.4194     -1440.57  0.000727189      -19.754      1.15784     -44.7226    0.0117877  0.000154706  2.08443e-06  2.39055e-05 
     1043.68      376.798     -389.362         1316     -575.832      59.3196     -60.5097      2.05106     -2.05307      33.1496     0.900141      18.4261  6.15148e-06      1.22702    0.0222087     0.570044 -0.000264919 -9.68383e-06  2.17079e-08 -3.00491e-07 
    -1048.32     -370.533      381.102     -575.832      594.585     -55.7807      56.7829      -2.0437      2.04428     -33.1886    -0.841147     -18.0992 -6.11567e-06     -1.22847   -0.0207397    -0.559917  0.000263931   9.6955e-06 -1.96095e-08  2.95066e-07 
     7587.08     -1252.48      2458.68      59.3196     -55.7807      23268.5       -11316      3.83295     -2.92968      145.874      191.549     -76.4577 -0.000131035      5.40713      4.77536     -2.35559  -0.00135987 -4.27295e-05  7.05738e-06   1.2811e-06 
    -7900.98      1415.44     -2688.89     -60.5097      56.7829       -11316      11933.2     -3.87845      2.92513     -152.125     -189.476      85.1343   0.00013119     -5.63875     -4.72366       2.6245   0.00136366  4.45668e-05 -6.98036e-06 -1.42588e-06 
     69.3929        28.02     -28.4961      2.05106      -2.0437      3.83295     -3.87845      76.7856     -34.3204       2.0597    0.0523625      1.29987 -4.97192e-06    0.0768327   0.00133957    0.0408612 -2.09647e-05  -6.1974e-07  1.87276e-09 -2.21298e-08 
    -71.6095     -26.6647      26.6137     -2.05307      2.04428     -2.92968      2.92513     -34.3204      39.9317     -2.10123    -0.037194     -1.22832  4.95403e-06   -0.0783693 -0.000961173   -0.0386417  2.09336e-05  6.31903e-07 -1.30143e-09  2.09339e-08 
     793.818      467.616     -533.675      33.1496     -33.1886      145.874     -152.125       2.0597     -2.10123      32.0464      2.36222      23.3846  5.41747e-07      1.25861    0.0587313     0.724442 -0.000232505 -1.26955e-05  7.80667e-08 -3.84928e-07 
      121.59     -26.1388      46.4194     0.900141    -0.841147      191.549     -189.476    0.0523625    -0.037194      2.36222       11.045     -1.49327  9.28957e-07    0.0872953     0.288525   -0.0464156 -1.87332e-05 -6.86954e-07  2.05607e-06   2.5476e-08 
     1273.27      1533.15     -1440.57      18.4261     -18.0992     -76.4577      85.1343      1.29987     -1.22832      23.3846     -1.49327      114.622  6.20093e-06     0.861623   -0.0376451      3.58223 -0.000558454 -6.69023e-06  -7.8753e-08 -2.40685e-06 
-0.000859288  -0.00072523  0.000727189  6.15148e-06 -6.11567e-06 -0.000131035   0.00013119 -4.97192e-06  4.95403e-06  5.41747e-07  9.28957e-07  6.20093e-06  3.45237e-09 -3.04169e-07  -9.3196e-09 -2.22028e-07  7.99608e-10  6.46171e-12 -4.58809e-13  5.05495e-13 
     29.3941      17.3065      -19.754      1.22702     -1.22847      5.40713     -5.63875    0.0768327   -0.0783693      1.25861    0.0872953     0.861623 -3.04169e-07    0.0517924   0.00217348    0.0267315 -8.62316e-06 -5.85135e-07  2.93344e-09 -1.42406e-08 
     3.03053    -0.652271      1.15784    0.0222087   -0.0207397      4.77536     -4.72366   0.00133957 -0.000961173    0.0587313     0.288525   -0.0376451  -9.3196e-09   0.00217348    0.0084577  -0.00116619 -4.68784e-07 -1.71433e-08  9.81813e-08  6.36213e-10 
     39.5511      47.5918     -44.7226     0.570044    -0.559917     -2.35559       2.6245    0.0408612   -0.0386417     0.724442   -0.0464156      3.58223 -2.22028e-07    0.0267315  -0.00116619      0.11409 -1.73941e-05 -2.08055e-07   -2.386e-09 -9.22228e-08 
  -0.0134811   -0.0117482    0.0117877 -0.000264919  0.000263931  -0.00135987   0.00136366 -2.09647e-05  2.09336e-05 -0.000232505 -1.87332e-05 -0.000558454  7.99608e-10 -8.62316e-06 -4.68784e-07 -1.73941e-05  9.00582e-09   6.7164e-11 -4.50129e-13  9.26446e-12 
-0.000230972 -0.000135293  0.000154706 -9.68383e-06   9.6955e-06 -4.27295e-05  4.45668e-05  -6.1974e-07  6.31903e-07 -1.26955e-05 -6.86954e-07 -6.69023e-06  6.46171e-12 -5.85135e-07 -1.71433e-08 -2.08055e-07   6.7164e-11  8.66426e-12 -2.37462e-14  1.11314e-13 
 4.08834e-06 -1.33225e-06  2.08443e-06  2.17079e-08 -1.96095e-08  7.05738e-06 -6.98036e-06  1.87276e-09 -1.30143e-09  7.80667e-08  2.05607e-06  -7.8753e-08 -4.58809e-13  2.93344e-09  9.81813e-08   -2.386e-09 -4.50129e-13 -2.37462e-14  3.47221e-12  1.23799e-15 
 -2.1102e-05 -2.54504e-05  2.39055e-05 -3.00491e-07  2.95066e-07   1.2811e-06 -1.42588e-06 -2.21298e-08  2.09339e-08 -3.84928e-07   2.5476e-08 -2.40685e-06  5.05495e-13 -1.42406e-08  6.36213e-10 -9.22228e-08  9.26446e-12  1.11314e-13  1.23799e-15  3.46998e-13 

 Covariant Matrix for [0,7] 
       35323      13709.8       -15699      622.412     -645.364      4131.41      -4442.8      20.0765   -0.0436465      342.842      103.237      952.655 -2.68436e-05      8.28788      2.50836      29.2315  -0.00997253  0.000373154  1.11767e-07 -0.000277481 
     13709.8      22157.2     -16634.2       177.59     -159.737     -1071.33      1307.46       6.8752   -0.0149468      192.644     -34.6661      1283.52 -0.000211777      4.66033    -0.852064      39.4125   -0.0089977  0.000203978  -4.9771e-06 -0.000376145 
      -15699     -16634.2      20496.2     -160.717      135.131      2039.03        -2378     -6.00572    0.0130558     -222.822      60.2774     -1171.71  0.000198229     -5.39021      1.47693     -35.9789   0.00887313 -0.000238851  6.01052e-06  0.000343144 
     622.412       177.59     -160.717      1100.34     -478.711      4.46289     -1.84219     0.570745  -0.00124078      17.5483 -0.000349875      12.0228  1.69498e-05     0.426186 -0.000498567     0.366525 -0.000223676  1.99796e-05 -1.17764e-07 -3.40506e-06 
    -645.364     -159.737      135.131     -478.711      548.871      6.91176     -10.7406    -0.560123   0.00121762     -17.8878     0.301462       -10.72 -1.70826e-05    -0.434394   0.00784471    -0.326523  0.000222164 -2.03718e-05  1.29924e-07  3.02066e-06 
     4131.41     -1071.33      2039.03      4.46289      6.91176        14992     -7316.47   -0.0237126  5.32136e-05      61.4648      198.208     -82.8647  0.000133769      1.47998      4.83229     -2.56223  -0.00102858  6.70104e-05  7.64982e-06  2.53105e-05 
     -4442.8      1307.46        -2378     -1.84219     -10.7406     -7316.47      8091.91     0.158989  -0.00034742     -66.1865     -193.969      100.099 -0.000135716     -1.59418     -4.72886      3.09144   0.00100983 -7.24648e-05 -7.47824e-06 -3.03966e-05 
     20.0765       6.8752     -6.00572     0.570745    -0.560123   -0.0237126     0.158989      51.7317   -0.0231649     0.499234  -0.00327871     0.479678  2.06675e-06    0.0118761 -0.000120443    0.0144411 -9.08793e-06  5.19902e-07 -6.76207e-09 -1.30966e-07 
  -0.0436465   -0.0149468    0.0130558  -0.00124078   0.00121762  5.32136e-05  -0.00034742   -0.0231649  5.03663e-05  -0.00108531  7.20763e-06  -0.00104283 -4.49322e-09  -2.5818e-05    2.639e-07 -3.13955e-05   1.9758e-08 -1.12984e-09  1.47991e-11  2.84756e-10 
     342.842      192.644     -222.822      17.5483     -17.8878      61.4648     -66.1865     0.499234  -0.00108531      12.5577      1.57777      13.6623  2.03305e-05     0.299304    0.0380444     0.416517 -0.000134346  3.10687e-05 -1.87674e-08 -3.91126e-06 
     103.237     -34.6661      60.2774 -0.000349875     0.301462      198.208     -193.969  -0.00327871  7.20763e-06      1.57777      16.8362     -2.54716  9.66862e-06    0.0377091     0.412148   -0.0794726 -2.03482e-05  1.66613e-06   1.4853e-05  7.92905e-07 
     952.655      1283.52     -1171.71      12.0228       -10.72     -82.8647      100.099     0.479678  -0.00104283      13.6623     -2.54716      143.514  3.04059e-05     0.328449   -0.0632328      4.43815 -0.000603056  1.40515e-05 -4.03965e-07 -5.48677e-05 
